1271
LGBMClassifier(boosting_type='gbdt', class_weight=None, colsample_bytree=1.0,
        learning_rate=0.1, max_depth=14, min_child_samples=20,
        min_child_weight=0.001, min_split_gain=0.0, n_estimators=75,
        n_jobs=-1, num_leaves=256, objective=None, random_state=0,
        reg_alpha=0.0, reg_lambda=0.0, scale_pos_weight=1, silent=True,
        subsample=1.0, subsample_for_bin=200000, subsample_freq=0)

7244 (0.08151812123635277, 0.06273764258555148, 0.08098173621504014, 0.7047560222359481, -0.0802784222737819)
4665 (0.09453092617577125, 0.07142857142857162, 0.09229974861036636, 0.7660103626587744, -0.09234608985024961)
2307 (0.09839398695565452, 0.0734732824427482, 0.09764332292707652, 0.6727145847871598, -0.0708556149732621)
1145 (0.09383745355067866, 0.06976744186046524, 0.09597907481336797, 0.6253333333333333, -0.10578478964401283)
638 (0.10150766246759646, 0.07691533737534073, 0.09954001179127837, 0.5464895635673628, -0.051118210862619695)
310 (0.09232724294743462, 0.06746534056660636, 0.08978114537168459, 0.4405436013590036, -0.10079184002147368)
170 (0.10201129766289155, 0.07957746277899691, 0.09656847650553091, 0.5043774319066148, -0.058252427184466105)
73 (0.12899963367949038, 0.08636436354586996, 0.12417714849041832, 0.4969949144706427, -0.03076923076923066)
16 (0.14296007256630194, 0.11199592739959263, 0.12597331320185629, 0.48008742107819335, -0.013720485003190785)
0 (nan, nan, nan, nan, nan)






LGBMClassifier(boosting_type='gbdt', class_weight=None, colsample_bytree=1.0,
        learning_rate=0.1, max_depth=10, min_child_samples=20,
        min_child_weight=0.001, min_split_gain=0.0, n_estimators=30,
        n_jobs=-1, num_leaves=128, objective=None, random_state=0,
        reg_alpha=0.0, reg_lambda=0.0, scale_pos_weight=1, silent=True,
        subsample=1.0, subsample_for_bin=200000, subsample_freq=0)
2566 (0.06144109857600097, 0.043721414452191354, 0.0669478732509121, 0.46347826086956534, -0.0802784222737819)
6039 (0.09195117362011244, 0.07110711071107123, 0.08642938603678865, 0.7660103626587744, -0.09142053445850917)
4352 (0.09853056115442488, 0.07681372425600486, 0.09325850516254658, 0.687140115163148, -0.09234608985024961)
2110 (0.09324143350321652, 0.06464674222378586, 0.09675962768389501, 0.5749354005167957, -0.10578478964401283)
919 (0.09477064092127963, 0.0652975250131651, 0.09884525671889512, 0.6727145847871598, -0.10079184002147368)
395 (0.10789743556178004, 0.07806983130639478, 0.11166321071208858, 0.4978850460313513, -0.0708556149732621)
163 (0.1085242137529397, 0.084090909090909, 0.09926874571115471, 0.47047970479704815, -0.03076923076923066)
24 (0.10307774540461034, 0.06946690695131141, 0.0977955257788378, 0.3700854700854703, 0.0092592592592593)
0 (nan, nan, nan, nan, nan)
0 (nan, nan, nan, nan, nan)



LGBMClassifier(boosting_type='gbdt', class_weight=None, colsample_bytree=1.0,
        learning_rate=0.1, max_depth=11, min_child_samples=20,
        min_child_weight=0.001, min_split_gain=0.0, n_estimators=30,
        n_jobs=-1, num_leaves=256, objective=None, random_state=0,
        reg_alpha=0.0, reg_lambda=0.0, scale_pos_weight=1, silent=True,
        subsample=1.0, subsample_for_bin=200000, subsample_freq=0)
3781 (0.06812912996006876, 0.05043859649122817, 0.07157107462135866, 0.6249000266595575, -0.0802784222737819)
5951 (0.09346037616360295, 0.07221488331131654, 0.0878140945676052, 0.741324921135647, -0.09142053445850917)
3642 (0.09867940270878066, 0.07428571428571418, 0.09650592705945907, 0.7660103626587744, -0.0708556149732621)
1771 (0.09702759500595011, 0.07042253521126773, 0.09856914884451205, 0.687140115163148, -0.10578478964401283)
821 (0.0992910267825458, 0.07236842105263142, 0.09716230129432864, 0.5283638068448198, -0.06014465169394745)
378 (0.10714634493707709, 0.08086128099892143, 0.10336080470346212, 0.6616257088846884, -0.051118210862619695)
175 (0.0910779255933177, 0.0745296671490594, 0.09083431874605127, 0.4978850460313513, -0.10079184002147368)
42 (0.09896054671382644, 0.08172382609016615, 0.0959751658337868, 0.3953757225433525, -0.016949152542372836)
7 (0.1790023419548717, 0.22807017543859653, 0.1474336785876495, 0.3700854700854703, -0.03076923076923066)
0 (nan, nan, nan, nan, nan)


LGBMClassifier(boosting_type='gbdt', class_weight=None, colsample_bytree=1.0,
        learning_rate=0.1, max_depth=12, min_child_samples=20,
        min_child_weight=0.001, min_split_gain=0.0, n_estimators=30,
        n_jobs=-1, num_leaves=256, objective=None, random_state=0,
        reg_alpha=0.0, reg_lambda=0.0, scale_pos_weight=1, silent=True,
        subsample=1.0, subsample_for_bin=200000, subsample_freq=0)
3283 (0.06690033642955136, 0.0481848184818483, 0.0733698877910756, 0.6244849911712773, -0.0802784222737819)
5962 (0.09124996978886196, 0.07061367555191234, 0.08774807786986118, 0.741324921135647, -0.09142053445850917)
3785 (0.09825250499407133, 0.07644305772230897, 0.09436444384618851, 0.7660103626587744, -0.0632380952380952)
2062 (0.0998065994994052, 0.07377783726592468, 0.09710400159880117, 0.6616257088846884, -0.10578478964401283)
932 (0.09606923315047855, 0.07156098781912235, 0.09350299597855859, 0.6253333333333333, -0.10079184002147368)
377 (0.1008288811414999, 0.07837181044957475, 0.09449031422923788, 0.4969949144706427, -0.044878754976474866)
145 (0.10628687076871463, 0.08754843439103555, 0.09565512639405117, 0.4978850460313513, -0.058252427184466105)
20 (0.1863393784301536, 0.177623767988353, 0.16128967394042773, 0.48008742107819335, -0.03076923076923066)
2 (0.16599039615846334, 0.16599039615846334, 0.11583648422655023, 0.24789915966386555, 0.08408163265306112)
0 (nan, nan, nan, nan, nan)


LGBMClassifier(boosting_type='gbdt', class_weight=None, colsample_bytree=1.0,
        learning_rate=0.1, max_depth=13, min_child_samples=20,
        min_child_weight=0.001, min_split_gain=0.0, n_estimators=30,
        n_jobs=-1, num_leaves=384, objective=None, random_state=0,
        reg_alpha=0.0, reg_lambda=0.0, scale_pos_weight=1, silent=True,
        subsample=1.0, subsample_for_bin=200000, subsample_freq=0)
4288 (0.07151548814402771, 0.05347479554225931, 0.07400292725514944, 0.6249000266595575, -0.0802784222737819)
5587 (0.09593377859956742, 0.07299054373522451, 0.09261849150848923, 0.7660103626587744, -0.09234608985024961)
3522 (0.0956036894609754, 0.07279145678383736, 0.09292479320488609, 0.6727145847871598, -0.06426056338028152)
1765 (0.10102912425942637, 0.07629063097514344, 0.09617470926267174, 0.5292792792792795, -0.0708556149732621)
858 (0.09487909061352362, 0.06869997099199521, 0.09436731122394713, 0.5237879474399638, -0.10578478964401283)
348 (0.09668101044820275, 0.07057957889970567, 0.09385043272865459, 0.48008742107819335, -0.06014465169394745)
135 (0.08436752579517058, 0.06228300308096535, 0.08964624493679287, 0.4978850460313513, -0.058252427184466105)
50 (0.0747749153601927, 0.034965452607593095, 0.10011887800729656, 0.3953757225433525, -0.10079184002147368)
15 (0.034653075277947934, 0.018181818181818077, 0.08068939553100364, 0.31241084165477906, -0.03076923076923066)
0 (nan, nan, nan, nan, nan)


LGBMClassifier(boosting_type='gbdt', class_weight=None, colsample_bytree=1.0,
        learning_rate=0.1, max_depth=15, min_child_samples=20,
        min_child_weight=0.001, min_split_gain=0.0, n_estimators=30,
        n_jobs=-1, num_leaves=32, objective=None, random_state=0,
        reg_alpha=0.0, reg_lambda=0.0, scale_pos_weight=1, silent=True,
        subsample=1.0, subsample_for_bin=200000, subsample_freq=0)
1908 (0.045579205106527645, 0.023822423185528963, 0.06313434104298046, 0.49437299035369775, -0.0802784222737819)
5220 (0.0844341142025814, 0.06727020552263285, 0.07654257687104331, 0.6974169741697416, -0.09234608985024961)
4851 (0.09924608939128231, 0.07718120805369111, 0.09240594236333875, 0.7660103626587744, -0.09142053445850917)
3176 (0.10346012355656077, 0.07919494097698265, 0.0999662495090755, 0.687140115163148, -0.0708556149732621)
1154 (0.10751940226561989, 0.08096964894165615, 0.10607431352084729, 0.6727145847871598, -0.10578478964401283)
218 (0.10315317052585793, 0.06712145532370262, 0.10707661632530721, 0.4978850460313513, -0.10079184002147368)
40 (0.09494504120647933, 0.07110716937979811, 0.10443738071539452, 0.34254606365159157, -0.03076923076923066)
1 (0.2665274878218511, 0.2665274878218511, nan, 0.2665274878218511, 0.2665274878218511)
0 (nan, nan, nan, nan, nan)
0 (nan, nan, nan, nan, nan)




LGBMClassifier(boosting_type='gbdt', class_weight=None, colsample_bytree=1.0,
        learning_rate=0.1, max_depth=12, min_child_samples=20,
        min_child_weight=0.001, min_split_gain=0.0, n_estimators=30,
        n_jobs=-1, num_leaves=32, objective=None, random_state=0,
        reg_alpha=0.0, reg_lambda=0.0, scale_pos_weight=1, silent=True,
        subsample=1.0, subsample_for_bin=200000, subsample_freq=0)
2097 (0.0468405492029703, 0.02811950790861162, 0.0583535290544045, 0.49437299035369775, -0.0802784222737819)
5299 (0.08687937616107629, 0.06885964912280707, 0.07831179308562077, 0.6974169741697416, -0.04927678352537368)
4858 (0.10097380846924116, 0.07702407457500171, 0.09686507263710388, 0.7660103626587744, -0.09234608985024961)
2905 (0.10526269275538494, 0.08201892744479489, 0.09840561463847458, 0.687140115163148, -0.06014465169394745)
1127 (0.0955970412286333, 0.0714285714285714, 0.09847269500536693, 0.6727145847871598, -0.10578478964401283)
222 (0.09931099582460767, 0.0656830238726791, 0.10286348550913801, 0.4978850460313513, -0.051118210862619695)
47 (0.07273527883281843, 0.02631578947368407, 0.11294283161351022, 0.3700854700854703, -0.10079184002147368)
11 (0.019510038606421632, 0.018181818181818077, 0.05326152108982883, 0.15541666666666676, -0.058252427184466105)
2 (0.0185185185185186, 0.0185185185185186, 0.013094570021973161, 0.0277777777777779, 0.0092592592592593)
0 (nan, nan, nan, nan, nan)





LGBMClassifier(boosting_type='gbdt', class_weight=None, colsample_bytree=1.0,
        learning_rate=0.1, max_depth=-1, min_child_samples=20,
        min_child_weight=0.001, min_split_gain=0.0, n_estimators=30,
        n_jobs=-1, num_leaves=32, objective=None, random_state=0,
        reg_alpha=0.0, reg_lambda=0.0, scale_pos_weight=1, silent=True,
        subsample=1.0, subsample_for_bin=200000, subsample_freq=0)
1810 (0.04581287144879472, 0.025094015465808583, 0.0593306894019925, 0.49437299035369775, -0.0802784222737819)
5480 (0.08571145281511901, 0.06738743047492579, 0.07861733106019086, 0.7660103626587744, -0.09142053445850917)
5164 (0.10011099023397772, 0.07761737099825317, 0.09445225829847054, 0.7047560222359481, -0.09234608985024961)
2933 (0.1012116238334504, 0.07689655172413778, 0.09948689262042648, 0.687140115163148, -0.051118210862619695)
889 (0.10501658533320997, 0.07697241821680567, 0.10452537895962839, 0.5292792792792795, -0.10578478964401283)
221 (0.10399791350884847, 0.07218309859154948, 0.09586952813373933, 0.47047970479704815, -0.06426056338028152)
63 (0.08159127706709876, 0.04005621925509484, 0.10494222769977586, 0.3700854700854703, -0.10079184002147368)
8 (0.05525041698405525, 0.022938662644545027, 0.07507942897991766, 0.18486739469578772, -0.013720485003190785)
0 (nan, nan, nan, nan, nan)
0 (nan, nan, nan, nan, nan)




LGBMClassifier(boosting_type='gbdt', class_weight=None, colsample_bytree=1.0,
        learning_rate=0.1, max_depth=20, min_child_samples=20,
        min_child_weight=0.001, min_split_gain=0.0, n_estimators=30,
        n_jobs=-1, num_leaves=32, objective=None, random_state=0,
        reg_alpha=0.0, reg_lambda=0.0, scale_pos_weight=1, silent=True,
        subsample=1.0, subsample_for_bin=200000, subsample_freq=0)
1810 (0.04581287144879472, 0.025094015465808583, 0.0593306894019925, 0.49437299035369775, -0.0802784222737819)
5480 (0.08571145281511901, 0.06738743047492579, 0.07861733106019086, 0.7660103626587744, -0.09142053445850917)
5164 (0.10011099023397772, 0.07761737099825317, 0.09445225829847054, 0.7047560222359481, -0.09234608985024961)
2933 (0.1012116238334504, 0.07689655172413778, 0.09948689262042648, 0.687140115163148, -0.051118210862619695)
889 (0.10501658533320997, 0.07697241821680567, 0.10452537895962839, 0.5292792792792795, -0.10578478964401283)
221 (0.10399791350884847, 0.07218309859154948, 0.09586952813373933, 0.47047970479704815, -0.06426056338028152)
63 (0.08159127706709876, 0.04005621925509484, 0.10494222769977586, 0.3700854700854703, -0.10079184002147368)
8 (0.05525041698405525, 0.022938662644545027, 0.07507942897991766, 0.18486739469578772, -0.013720485003190785)
0 (nan, nan, nan, nan, nan)
0 (nan, nan, nan, nan, nan)




LGBMClassifier(boosting_type='gbdt', class_weight=None, colsample_bytree=1.0,
        learning_rate=0.1, max_depth=16, min_child_samples=20,
        min_child_weight=0.001, min_split_gain=0.0, n_estimators=30,
        n_jobs=-1, num_leaves=32, objective=None, random_state=0,
        reg_alpha=0.0, reg_lambda=0.0, scale_pos_weight=1, silent=True,
        subsample=1.0, subsample_for_bin=200000, subsample_freq=0)
1810 (0.04581287144879472, 0.025094015465808583, 0.0593306894019925, 0.49437299035369775, -0.0802784222737819)
5480 (0.08571145281511901, 0.06738743047492579, 0.07861733106019086, 0.7660103626587744, -0.09142053445850917)
5164 (0.10011099023397772, 0.07761737099825317, 0.09445225829847054, 0.7047560222359481, -0.09234608985024961)
2933 (0.1012116238334504, 0.07689655172413778, 0.09948689262042648, 0.687140115163148, -0.051118210862619695)
889 (0.10501658533320997, 0.07697241821680567, 0.10452537895962839, 0.5292792792792795, -0.10578478964401283)
221 (0.10399791350884847, 0.07218309859154948, 0.09586952813373933, 0.47047970479704815, -0.06426056338028152)
63 (0.08159127706709876, 0.04005621925509484, 0.10494222769977586, 0.3700854700854703, -0.10079184002147368)
8 (0.05525041698405525, 0.022938662644545027, 0.07507942897991766, 0.18486739469578772, -0.013720485003190785)
0 (nan, nan, nan, nan, nan)
0 (nan, nan, nan, nan, nan)



LGBMClassifier(boosting_type='gbdt', class_weight=None, colsample_bytree=1.0,
        learning_rate=0.1, max_depth=14, min_child_samples=20,
        min_child_weight=0.001, min_split_gain=0.0, n_estimators=30,
        n_jobs=-1, num_leaves=32, objective=None, random_state=0,
        reg_alpha=0.0, reg_lambda=0.0, scale_pos_weight=1, silent=True,
        subsample=1.0, subsample_for_bin=200000, subsample_freq=0)
1794 (0.044526952887045, 0.02232672706888561, 0.059454627062550086, 0.46347826086956534, -0.0802784222737819)
5467 (0.0852274616394585, 0.06789312308366191, 0.07646052147725611, 0.597989949748744, -0.09142053445850917)
5266 (0.10142680904047002, 0.07842405072559255, 0.09679253025360103, 0.7660103626587744, -0.09234608985024961)
2817 (0.10094891547739238, 0.07598944591029033, 0.09823555970128392, 0.687140115163148, -0.06426056338028152)
900 (0.10280124862266576, 0.07749645411473582, 0.10268543028075598, 0.6666666666666665, -0.10578478964401283)
255 (0.10392038297791098, 0.074406332453826, 0.10369863164806219, 0.4978850460313513, -0.062251392203659495)
59 (0.0785158458472331, 0.06462882096069866, 0.08493196296409947, 0.3295246308073734, -0.10079184002147368)
10 (0.04126281647602029, 0.03692151844743019, 0.06279549932366124, 0.15541666666666676, -0.03076923076923066)
0 (nan, nan, nan, nan, nan)
0 (nan, nan, nan, nan, nan)








----------------------------
545


LGBMClassifier(boosting_type='gbdt', class_weight=None, colsample_bytree=1.0,
        learning_rate=0.1, max_depth=8, min_child_samples=20,
        min_child_weight=0.001, min_split_gain=0.0, n_estimators=30,
        n_jobs=-1, num_leaves=32, objective=None, random_state=0,
        reg_alpha=0.0, reg_lambda=0.0, scale_pos_weight=1, silent=True,
        subsample=1.0, subsample_for_bin=200000, subsample_freq=0)
701 (0.002011555683571862, 0.0, 0.02127811830619531, 0.40542133176193307, -0.0802784222737819)
1333 (0.051094627423803475, 0.0366606170598911, 0.056632794966608516, 0.46347826086956534, -0.061433447098976024)
3918 (0.07319028275897872, 0.05447760101103638, 0.0748330428895784, 0.8043636363636364, -0.07043407043407057)
4703 (0.0844955206367892, 0.06557377049180335, 0.0830366108151988, 0.8832684824902723, -0.12865267699548932)
4473 (0.09176388513831492, 0.0716591349257587, 0.08748800512124322, 0.741324921135647, -0.19402173913043474)
3491 (0.093743864902137, 0.0739120423670272, 0.08946704962566178, 0.7660103626587744, -0.10780487804878058)
2607 (0.09057535846797543, 0.06906906906906896, 0.08981858145871824, 0.6030395136778117, -0.07869107908063899)
1757 (0.09291214445161766, 0.06477373558118904, 0.10148237140801117, 0.687140115163148, -0.07191937700412265)
1143 (0.09581583099500209, 0.06793478260869557, 0.10272562003604696, 0.6727145847871598, -0.10578478964401283)
576 (0.10306451016345956, 0.07016567490046666, 0.11022120454385681, 0.6894409937888195, -0.07688532635367262)
310 (0.10340652372154155, 0.07609594706368894, 0.09870034873039205, 0.4441176470588235, -0.11037410453701235)
188 (0.12951135849205478, 0.11684177565260023, 0.10942513922121049, 0.49695121951219523, -0.044042651831247115)
159 (0.10226139430077336, 0.10732790525536662, 0.08830371704209895, 0.49923664122137423, -0.10079184002147368)
98 (0.12454111396898657, 0.11266921927123996, 0.09702256146823734, 0.44268774703557323, -0.041010194624652385)
36 (0.13231466025316585, 0.13752955346388906, 0.07486920690372169, 0.31241084165477906, -0.007010309278350779)
14 (0.0936368215535128, 0.1257960720436856, 0.06861228520443503, 0.2008196721311475, -0.022222222222222143)
3 (0.055101408515191665, 0.026929982046678624, 0.07497141584524293, 0.1400778210116731, -0.0017035775127767216)
0 (nan, nan, nan, nan, nan)
0 (nan, nan, nan, nan, nan)
0 (nan, nan, nan, nan, nan)




LGBMClassifier(boosting_type='gbdt', class_weight=None, colsample_bytree=1.0,
        learning_rate=0.1, max_depth=8, min_child_samples=20,
        min_child_weight=0.001, min_split_gain=0.0, n_estimators=30,
        n_jobs=-1, num_leaves=64, objective=None, random_state=0,
        reg_alpha=0.0, reg_lambda=0.0, scale_pos_weight=1, silent=True,
        subsample=1.0, subsample_for_bin=200000, subsample_freq=0)
781 (0.0017869685491264144, 0.0, 0.0196784538425522, 0.40542133176193307, -0.0802784222737819)
1710 (0.05386594665278017, 0.037338541666666614, 0.05928159829582074, 0.46347826086956534, -0.07043407043407057)
4228 (0.07411173725992358, 0.056048587659362714, 0.07320788490381518, 0.8043636363636364, -0.12865267699548932)
4905 (0.08498451283253235, 0.06495335328287277, 0.0844883485564575, 0.8832684824902723, -0.09234608985024961)
4190 (0.08855994882126494, 0.06896776502608803, 0.08806563656192254, 0.8724528301886791, -0.19402173913043474)
3305 (0.09120448303750107, 0.07098121085595, 0.08792687472357531, 0.6553672316384183, -0.11646136618141101)
2281 (0.09833946597301156, 0.0726086956521741, 0.09894210821771089, 0.7660103626587744, -0.10780487804878058)
1529 (0.09985295195556354, 0.07685799654449066, 0.09982384758165438, 0.6616257088846884, -0.0632380952380952)
932 (0.09520443086642888, 0.07073569055827711, 0.0960636104784121, 0.597989949748744, -0.0708556149732621)
549 (0.0997234051263998, 0.07921928817451196, 0.10362107697419559, 0.6894409937888195, -0.11037410453701235)
335 (0.09758935933586761, 0.08083623693379782, 0.09489552654966091, 0.526374859708193, -0.058252427184466105)
219 (0.11371787306876424, 0.09999999999999987, 0.10962825250066571, 0.6200119118522929, -0.046260268050151265)
173 (0.14763022226488334, 0.13855072463768114, 0.09929483230562645, 0.5143859649122804, -0.04543681747269901)
158 (0.1379053140378156, 0.13398010999399435, 0.10182816836204366, 0.49923664122137423, -0.10079184002147368)
101 (0.1326433210593755, 0.11834319526627213, 0.10513507624395216, 0.4441176470588235, -0.0837500000000001)
74 (0.14691307968809159, 0.1449578341041079, 0.09184898990152815, 0.3700854700854703, -0.0774077407740773)
39 (0.12094252567676068, 0.133546581367453, 0.08026387121920947, 0.31241084165477906, -0.02530802530802534)
1 (0.17439933719966882, 0.17439933719966882, nan, 0.17439933719966882, 0.17439933719966882)
0 (nan, nan, nan, nan, nan)
0 (nan, nan, nan, nan, nan)