LGBMRegressor(boosting_type='gbdt', class_weight=None, colsample_bytree=1.0,
       learning_rate=0.1, max_depth=13, min_child_samples=20,
       min_child_weight=0.001, min_split_gain=0, n_estimators=30,
       n_jobs=-1, num_leaves=192, objective=None, random_state=0,
       reg_alpha=0.0, reg_lambda=0.0, silent=True, subsample=1.0,
       subsample_for_bin=200000, subsample_freq=0)
7365 (0.08402336004715699, 0.06538895152198432, 0.08371013206738291, 0.7660103626587744, -0.09142053445850917)
8651 (0.09525908780699664, 0.07092783505154632, 0.09361033647719344, 0.6974169741697416, -0.10578478964401283)
540 (0.08255283527992101, 0.05396687427860258, 0.0917975714802594, 0.4978850460313513, -0.062251392203659495)
8 (0.10699509761473722, 0.11041888385026544, 0.07586452130036585, 0.227390180878553, 0.006717557251908257)
4 (0.004883715251294607, 0.004763779527559131, 0.008099440502741388, 0.013703021075406552, -0.003695719125346386)
0 (nan, nan, nan, nan, nan)
0 (nan, nan, nan, nan, nan)
0 (nan, nan, nan, nan, nan)
0 (nan, nan, nan, nan, nan)
0 (nan, nan, nan, nan, nan)



LGBMRegressor(boosting_type='gbdt', class_weight=None, colsample_bytree=1.0,
       learning_rate=0.1, max_depth=12, min_child_samples=20,
       min_child_weight=0.001, min_split_gain=0, n_estimators=100,
       n_jobs=-1, num_leaves=50, objective=None, random_state=0,
       reg_alpha=0.0, reg_lambda=0.0, silent=True, subsample=1.0,
       subsample_for_bin=200000, subsample_freq=0)
4944 (0.075640128719568, 0.05899905578310405, 0.07777559657451906, 0.7660103626587744, -0.0802784222737819)
10819 (0.09487695878827694, 0.07092783505154632, 0.09205331750993156, 0.6974169741697416, -0.10578478964401283)
750 (0.11211702909418966, 0.08494146603789188, 0.10887612169347652, 0.6666666666666665, -0.10079184002147368)
36 (0.10629227380997681, 0.08512125925414138, 0.09178372497526419, 0.3700854700854703, -0.007782101167315036)
3 (0.006511620335059476, 0.009527559055118262, 0.009083003628518844, 0.013703021075406552, -0.003695719125346386)
0 (nan, nan, nan, nan, nan)
0 (nan, nan, nan, nan, nan)
0 (nan, nan, nan, nan, nan)
0 (nan, nan, nan, nan, nan)
0 (nan, nan, nan, nan, nan)


LGBMRegressor(boosting_type='gbdt', class_weight=None, colsample_bytree=1.0,
       learning_rate=0.1, max_depth=15, min_child_samples=20,
       min_child_weight=0.001, min_split_gain=0, n_estimators=30,
       n_jobs=-1, num_leaves=32, objective=None, random_state=0,
       reg_alpha=0.0, reg_lambda=0.0, silent=True, subsample=1.0,
       subsample_for_bin=200000, subsample_freq=0)
5657 (0.07191027772698025, 0.05518617021276606, 0.07327510339343575, 0.6974169741697416, -0.09234608985024961)
10748 (0.09838674318160556, 0.07439555996293101, 0.09487294657670663, 0.7660103626587744, -0.10578478964401283)
141 (0.15950997772165504, 0.13974562798092216, 0.12144954966350993, 0.41295546558704443, -0.10079184002147368)
22 (0.0738353810246317, 0.06503539233482414, 0.06455985868223442, 0.24031960663798424, -0.003695719125346386)
0 (nan, nan, nan, nan, nan)
0 (nan, nan, nan, nan, nan)
0 (nan, nan, nan, nan, nan)
0 (nan, nan, nan, nan, nan)
0 (nan, nan, nan, nan, nan)
0 (nan, nan, nan, nan, nan)



-0.09
LGBMRegressor(boosting_type='gbdt', class_weight=None, colsample_bytree=1.0,
       learning_rate=0.1, max_depth=15, min_child_samples=20,
       min_child_weight=0.001, min_split_gain=0, n_estimators=30,
       n_jobs=-1, num_leaves=32, objective=None, random_state=0,
       reg_alpha=0.0, reg_lambda=0.0, silent=True, subsample=1.0,
       subsample_for_bin=200000, subsample_freq=0)
5657 (0.07191027772698025, 0.05518617021276606, 0.07327510339343575, 0.6974169741697416, -0.09234608985024961)
10748 (0.09838674318160556, 0.07439555996293101, 0.09487294657670663, 0.7660103626587744, -0.10578478964401283)
141 (0.15950997772165504, 0.13974562798092216, 0.12144954966350993, 0.41295546558704443, -0.10079184002147368)
22 (0.0738353810246317, 0.06503539233482414, 0.06455985868223442, 0.24031960663798424, -0.003695719125346386)
0 (nan, nan, nan, nan, nan)
0 (nan, nan, nan, nan, nan)
0 (nan, nan, nan, nan, nan)
0 (nan, nan, nan, nan, nan)
0 (nan, nan, nan, nan, nan)
0 (nan, nan, nan, nan, nan)



-0.09186739455238913
LGBMRegressor(boosting_type='gbdt', class_weight=None, colsample_bytree=1.0,
       learning_rate=0.1, max_depth=-1, min_child_samples=20,
       min_child_weight=0.001, min_split_gain=0, n_estimators=30,
       n_jobs=-1, num_leaves=32, objective=None, random_state=0,
       reg_alpha=0.0, reg_lambda=0.0, silent=True, subsample=1.0,
       subsample_for_bin=200000, subsample_freq=0)
5628 (0.0719292465651114, 0.0551609577271166, 0.07322045171341506, 0.6974169741697416, -0.09234608985024961)
10779 (0.09831197494737834, 0.07435897435897432, 0.09489489063531586, 0.7660103626587744, -0.10578478964401283)
141 (0.15939242638477114, 0.14108058146374258, 0.11875084040741286, 0.41295546558704443, -0.10079184002147368)
20 (0.06877661561143114, 0.05704860333400663, 0.06439965669121508, 0.24031960663798424, -0.003695719125346386)
0 (nan, nan, nan, nan, nan)
0 (nan, nan, nan, nan, nan)
0 (nan, nan, nan, nan, nan)
0 (nan, nan, nan, nan, nan)
0 (nan, nan, nan, nan, nan)
0 (nan, nan, nan, nan, nan)




-0.058
LGBMRegressor(boosting_type='gbdt', class_weight=None, colsample_bytree=1.0,
       learning_rate=0.1, max_depth=-1, min_child_samples=20,
       min_child_weight=0.001, min_split_gain=0, n_estimators=30,
       n_jobs=-1, num_leaves=32, objective=None, random_state=0,
       reg_alpha=0.0, reg_lambda=0.0, silent=True, subsample=1.0,
       subsample_for_bin=200000, subsample_freq=0)
958 (0.002949994124323331, 0.0, 0.02628924891790199, 0.46347826086956534, -0.0802784222737819)
10018 (0.07011262458840292, 0.05341370045017457, 0.07203512218972376, 0.8724528301886791, -0.18314559866499802)
11530 (0.09825030052232078, 0.07685190133603248, 0.09262478338592542, 0.8832684824902723, -0.19402173913043474)
2443 (0.10008837721238509, 0.07476635514018692, 0.10214671973405526, 0.6894409937888195, -0.11037410453701235)
310 (0.13587851719844296, 0.11601895969823317, 0.11156406730553965, 0.49923664122137423, -0.10079184002147368)
99 (0.16214504666224275, 0.15082335329341312, 0.12004515407265687, 0.445267489711934, -0.02530802530802534)
30 (0.09478695363824231, 0.07279260780287466, 0.09639337880986404, 0.34765924788948577, -0.03302961275626415)
6 (0.03857747943584936, 0.023767189740863226, 0.04939270946434356, 0.13281688559559912, -0.003695719125346386)
0 (nan, nan, nan, nan, nan)
0 (nan, nan, nan, nan, nan)
0 (nan, nan, nan, nan, nan)
0 (nan, nan, nan, nan, nan)
0 (nan, nan, nan, nan, nan)
0 (nan, nan, nan, nan, nan)
0 (nan, nan, nan, nan, nan)
0 (nan, nan, nan, nan, nan)
0 (nan, nan, nan, nan, nan)
0 (nan, nan, nan, nan, nan)
0 (nan, nan, nan, nan, nan)
0 (nan, nan, nan, nan, nan)




-0.04347034107015291
LGBMRegressor(boosting_type='gbdt', class_weight=None, colsample_bytree=1.0,
       learning_rate=0.1, max_depth=9, min_child_samples=20,
       min_child_weight=0.001, min_split_gain=0, n_estimators=30,
       n_jobs=-1, num_leaves=64, objective=None, random_state=0,
       reg_alpha=0.0, reg_lambda=0.0, silent=True, subsample=1.0,
       subsample_for_bin=200000, subsample_freq=0)
1048 (0.0049792537975526935, 0.0, 0.029355875104310557, 0.46347826086956534, -0.0802784222737819)
11706 (0.07651538803258749, 0.05915861662119315, 0.07683142542153101, 0.8724528301886791, -0.18314559866499802)
10418 (0.09528546507938564, 0.07333986214170019, 0.09218220019534266, 0.8832684824902723, -0.19402173913043474)
1812 (0.10735773402429152, 0.08096815625749054, 0.10593933934157815, 0.6894409937888195, -0.10578478964401283)
287 (0.12784585462052858, 0.11395348837209296, 0.11775219994153854, 0.6316736652669463, -0.10079184002147368)
75 (0.18535902129370793, 0.18216374269005842, 0.12209176927651758, 0.445267489711934, -0.0018744142455482393)
26 (0.1410925223272891, 0.13667610140534503, 0.09334533040798167, 0.39390088945362134, -0.03302961275626415)
17 (0.07956715920663716, 0.06851260205892795, 0.09628764865449492, 0.41914618369987067, -0.0019153011278996157)
5 (0.013539557655033585, 0.011266375545851526, 0.014696038136156886, 0.03689655172413797, -0.003695719125346386)
0 (nan, nan, nan, nan, nan)
0 (nan, nan, nan, nan, nan)
0 (nan, nan, nan, nan, nan)
0 (nan, nan, nan, nan, nan)
0 (nan, nan, nan, nan, nan)
0 (nan, nan, nan, nan, nan)
0 (nan, nan, nan, nan, nan)
0 (nan, nan, nan, nan, nan)
0 (nan, nan, nan, nan, nan)
0 (nan, nan, nan, nan, nan)
0 (nan, nan, nan, nan, nan)



-0.12413551617028573
LGBMRegressor(boosting_type='gbdt', class_weight=None, colsample_bytree=1.0,
       learning_rate=0.1, max_depth=8, min_child_samples=20,
       min_child_weight=0.001, min_split_gain=0, n_estimators=30,
       n_jobs=-1, num_leaves=128, objective=None, random_state=0,
       reg_alpha=0.0, reg_lambda=0.0, silent=True, subsample=1.0,
       subsample_for_bin=200000, subsample_freq=0)
1007 (0.005653410713920192, 0.0, 0.030376710487197436, 0.46347826086956534, -0.0802784222737819)
10485 (0.07276831607651803, 0.05547445255474459, 0.07482615665786325, 0.8832684824902723, -0.19402173913043474)
10005 (0.09801250065858123, 0.07724867724867734, 0.09185457526065283, 0.7660103626587744, -0.11646136618141101)
3061 (0.09888602092499593, 0.07268218237313984, 0.09981317524023472, 0.6727145847871598, -0.11037410453701235)
637 (0.09845309184755531, 0.06837606837606836, 0.1031094511857146, 0.6666666666666665, -0.10079184002147368)
159 (0.14956383337863016, 0.144963144963145, 0.11876919637162353, 0.5385064177362895, -0.03302961275626415)
30 (0.17299402258019553, 0.16402232566114017, 0.1261347634682993, 0.3700854700854703, -0.007782101167315036)
5 (0.02548582850859149, 0.011266375545851526, 0.027614608051118844, 0.06851260205892795, 0.0)
1 (-0.003695719125346386, -0.003695719125346386, nan, -0.003695719125346386, -0.003695719125346386)
2 (0.011615290065262407, 0.011615290065262407, 0.0029524975091327313, 0.013703021075406552, 0.009527559055118262)
0 (nan, nan, nan, nan, nan)
0 (nan, nan, nan, nan, nan)
0 (nan, nan, nan, nan, nan)
0 (nan, nan, nan, nan, nan)
0 (nan, nan, nan, nan, nan)
0 (nan, nan, nan, nan, nan)
0 (nan, nan, nan, nan, nan)
0 (nan, nan, nan, nan, nan)
0 (nan, nan, nan, nan, nan)
0 (nan, nan, nan, nan, nan)



-0.09568822143964749
LGBMRegressor(boosting_type='gbdt', class_weight=None, colsample_bytree=1.0,
       learning_rate=0.1, max_depth=8, min_child_samples=20,
       min_child_weight=0.001, min_split_gain=0, n_estimators=30,
       n_jobs=-1, num_leaves=64, objective=None, random_state=0,
       reg_alpha=0.0, reg_lambda=0.0, silent=True, subsample=1.0,
       subsample_for_bin=200000, subsample_freq=0)
953 (0.0028811605669593707, 0.0, 0.02672621296431613, 0.46347826086956534, -0.0802784222737819)
11096 (0.07609374198913231, 0.057743369589992044, 0.07794660447450379, 0.8724528301886791, -0.12865267699548932)
10367 (0.09638758574501297, 0.07516077170418023, 0.09057373567583384, 0.8832684824902723, -0.19402173913043474)
2506 (0.09848301647867418, 0.07033505385229011, 0.10407647203943993, 0.6894409937888195, -0.11037410453701235)
351 (0.10029475908097092, 0.06837606837606836, 0.11128636134437513, 0.6666666666666665, -0.10079184002147368)
75 (0.14583653261399904, 0.1469503546099291, 0.10512398643117553, 0.44268774703557323, -0.02722323049001807)
31 (0.13026422369879978, 0.10119746419347231, 0.08730693432422047, 0.32967786154900613, -0.0019153011278996157)
9 (0.047948858650728426, 0.061282283642954294, 0.03465953692738811, 0.09835873388042216, 0.0033333333333334103)
4 (0.01035050370670626, 0.005633187772925763, 0.016897915665157488, 0.0338313584063199, -0.003695719125346386)
1 (0.009527559055118262, 0.009527559055118262, nan, 0.009527559055118262, 0.009527559055118262)
1 (0.013703021075406552, 0.013703021075406552, nan, 0.013703021075406552, 0.013703021075406552)
0 (nan, nan, nan, nan, nan)
0 (nan, nan, nan, nan, nan)
0 (nan, nan, nan, nan, nan)
0 (nan, nan, nan, nan, nan)
0 (nan, nan, nan, nan, nan)
0 (nan, nan, nan, nan, nan)
0 (nan, nan, nan, nan, nan)
0 (nan, nan, nan, nan, nan)
0 (nan, nan, nan, nan, nan)


-0.11945449263546926
LGBMRegressor(boosting_type='gbdt', class_weight=None, colsample_bytree=1.0,
       learning_rate=0.1, max_depth=-1, min_child_samples=20,
       min_child_weight=0.001, min_split_gain=0, n_estimators=30,
       n_jobs=-1, num_leaves=64, objective=None, random_state=0,
       reg_alpha=0.0, reg_lambda=0.0, silent=True, subsample=1.0,
       subsample_for_bin=200000, subsample_freq=0)
963 (0.0031371054000916515, 0.0, 0.027712841366101634, 0.46347826086956534, -0.0802784222737819)
9996 (0.0740577828196938, 0.056257992327365725, 0.07604736406517555, 0.8724528301886791, -0.18314559866499802)
10949 (0.0945339828969447, 0.07383966244725726, 0.09017832802140804, 0.8832684824902723, -0.19402173913043474)
2781 (0.10282573287557692, 0.07475083056478415, 0.10258270692630768, 0.6894409937888195, -0.10578478964401283)
525 (0.10941486445167165, 0.07967032967032961, 0.11079421311782697, 0.6666666666666665, -0.0774077407740773)
130 (0.11746776315660694, 0.11194810978066139, 0.09715358703651035, 0.38712972420837577, -0.013994910941475869)
41 (0.16251733937775, 0.1684971098265895, 0.10930225707923241, 0.44268774703557323, -0.02722323049001807)
8 (0.014913976544275953, 0.011009994379945764, 0.013409657842622262, 0.03689655172413797, 0.0)
1 (-0.003695719125346386, -0.003695719125346386, nan, -0.003695719125346386, -0.003695719125346386)
0 (nan, nan, nan, nan, nan)
0 (nan, nan, nan, nan, nan)
0 (nan, nan, nan, nan, nan)
0 (nan, nan, nan, nan, nan)
0 (nan, nan, nan, nan, nan)
0 (nan, nan, nan, nan, nan)
0 (nan, nan, nan, nan, nan)
0 (nan, nan, nan, nan, nan)
0 (nan, nan, nan, nan, nan)
0 (nan, nan, nan, nan, nan)
0 (nan, nan, nan, nan, nan)


-0.040318869710152194
LGBMRegressor(boosting_type='gbdt', class_weight=None, colsample_bytree=1.0,
       learning_rate=0.1, max_depth=-1, min_child_samples=20,
       min_child_weight=0.001, min_split_gain=0, n_estimators=30,
       n_jobs=-1, num_leaves=96, objective=None, random_state=0,
       reg_alpha=0.0, reg_lambda=0.0, silent=True, subsample=1.0,
       subsample_for_bin=200000, subsample_freq=0)
979 (0.003923767288601283, 0.0, 0.029422462587633886, 0.46347826086956534, -0.0802784222737819)
11677 (0.07543431080014162, 0.05752212389380529, 0.07642921840465547, 0.8724528301886791, -0.18314559866499802)
10151 (0.0941761811335598, 0.07326478149100257, 0.09031141921432621, 0.8832684824902723, -0.19402173913043474)
2053 (0.11032402011660747, 0.08411214953271018, 0.1091124176867851, 0.6894409937888195, -0.0774077407740773)
448 (0.14247642739146713, 0.13011780693443586, 0.11797761389155792, 0.6316736652669463, -0.0837500000000001)
68 (0.17079194563984754, 0.1520574829053699, 0.1159175845105658, 0.4346405228758168, -0.0019153011278996157)
9 (0.1129423305534573, 0.05917576611482933, 0.13043153143270383, 0.33536121673003794, 0.0033333333333334103)
6 (0.026876750158212892, 0.022548866976085713, 0.02493313539180035, 0.06851260205892795, 0.0)
3 (0.006511620335059476, 0.009527559055118262, 0.009083003628518844, 0.013703021075406552, -0.003695719125346386)
0 (nan, nan, nan, nan, nan)
0 (nan, nan, nan, nan, nan)
0 (nan, nan, nan, nan, nan)
0 (nan, nan, nan, nan, nan)
0 (nan, nan, nan, nan, nan)
0 (nan, nan, nan, nan, nan)
0 (nan, nan, nan, nan, nan)
0 (nan, nan, nan, nan, nan)
0 (nan, nan, nan, nan, nan)
0 (nan, nan, nan, nan, nan)
0 (nan, nan, nan, nan, nan)





-0.17
LGBMRegressor(boosting_type='gbdt', class_weight=None, colsample_bytree=1.0,
       learning_rate=0.1, max_depth=-1, min_child_samples=20,
       min_child_weight=0.001, min_split_gain=0, n_estimators=45,
       n_jobs=-1, num_leaves=128, objective=None, random_state=0,
       reg_alpha=0.0, reg_lambda=0.0, silent=True, subsample=1.0,
       subsample_for_bin=200000, subsample_freq=0)
1185 (0.01093793394012954, 0.0, 0.034755517889817636, 0.46347826086956534, -0.0802784222737819)
9575 (0.07618919181415479, 0.05833656706764967, 0.07704485237242507, 0.8724528301886791, -0.19402173913043474)
10359 (0.09505152371846244, 0.07476058078467718, 0.08967541721195184, 0.8832684824902723, -0.11646136618141101)
3212 (0.09508359107843449, 0.06858392474005581, 0.09802508449834661, 0.6666666666666665, -0.11037410453701235)
802 (0.10076422730123463, 0.0678915945089873, 0.11075630415356684, 0.6894409937888195, -0.10079184002147368)
172 (0.14558358193209714, 0.12844726333098433, 0.12202921383797138, 0.6616257088846884, -0.02821969696969684)
35 (0.14661785145666328, 0.13018096906012855, 0.12196710267984465, 0.445267489711934, -0.03302961275626415)
2 (0.06005642642921194, 0.06005642642921194, 0.08021856755594309, 0.11677951952509047, 0.0033333333333334103)
8 (0.02306138513497527, 0.012484698310629039, 0.02225306299983941, 0.06851260205892795, 0.0)
1 (-0.003695719125346386, -0.003695719125346386, nan, -0.003695719125346386, -0.003695719125346386)
0 (nan, nan, nan, nan, nan)
0 (nan, nan, nan, nan, nan)
0 (nan, nan, nan, nan, nan)
0 (nan, nan, nan, nan, nan)
0 (nan, nan, nan, nan, nan)
0 (nan, nan, nan, nan, nan)
0 (nan, nan, nan, nan, nan)
0 (nan, nan, nan, nan, nan)
0 (nan, nan, nan, nan, nan)
0 (nan, nan, nan, nan, nan)



-0.10460593271693752
LGBMRegressor(boosting_type='gbdt', class_weight=None, colsample_bytree=1.0,
       learning_rate=0.1, max_depth=-1, min_child_samples=20,
       min_child_weight=0.001, min_split_gain=0, n_estimators=30,
       n_jobs=-1, num_leaves=128, objective=None, random_state=0,
       reg_alpha=0.0, reg_lambda=0.0, silent=True, subsample=1.0,
       subsample_for_bin=200000, subsample_freq=0)
1104 (0.007783472872171071, 0.0, 0.03312915593318819, 0.46347826086956534, -0.0802784222737819)
10981 (0.07601354353370278, 0.05812441141817448, 0.07758219298998872, 0.8724528301886791, -0.19402173913043474)
10129 (0.09746666854791862, 0.0767326732673268, 0.09039256052496994, 0.8832684824902723, -0.11646136618141101)
2526 (0.0949384158304507, 0.06474939098068844, 0.10217210487371717, 0.6666666666666665, -0.11037410453701235)
529 (0.10784768009134615, 0.07236842105263142, 0.11467951007553635, 0.6894409937888195, -0.10079184002147368)
91 (0.14777260254782057, 0.10760879082392094, 0.13747553131657222, 0.6616257088846884, -0.015860105734038288)
22 (0.11424060846700688, 0.0981793772580265, 0.09066307751177338, 0.3343465045592704, -0.03302961275626415)
3 (0.08706447810738882, 0.11677951952509047, 0.07352423992614218, 0.14108058146374258, 0.0033333333333334103)
6 (0.0266724077983926, 0.022548866976085713, 0.025096193155697062, 0.06851260205892795, 0.0)
3 (0.006920305054700056, 0.010753613214040003, 0.00931126891066254, 0.013703021075406552, -0.003695719125346386)
0 (nan, nan, nan, nan, nan)
0 (nan, nan, nan, nan, nan)
0 (nan, nan, nan, nan, nan)
0 (nan, nan, nan, nan, nan)
0 (nan, nan, nan, nan, nan)
0 (nan, nan, nan, nan, nan)
0 (nan, nan, nan, nan, nan)
0 (nan, nan, nan, nan, nan)
0 (nan, nan, nan, nan, nan)
0 (nan, nan, nan, nan, nan)