scribble.py


0.39697352123536334
LGBMRegressor(alpha=0.05, boosting_type='gbdt', class_weight=None,
       colsample_bytree=1.0, learning_rate=0.1, max_depth=-1,
       min_child_samples=20, min_child_weight=0.001, min_split_gain=0,
       n_estimators=50, n_jobs=-1, num_leaves=31, objective='mae',
       random_state=0, reg_alpha=0.0, reg_lambda=0.0, silent=True,
       subsample=1.0, subsample_for_bin=200000, subsample_freq=0,
       verbosity=-2)
0 (nan, nan, nan, nan, nan)
0 (nan, nan, nan, nan, nan)
0 (nan, nan, nan, nan, nan)
0 (nan, nan, nan, nan, nan)
0 (nan, nan, nan, nan, nan)
0 (nan, nan, nan, nan, nan)
0 (nan, nan, nan, nan, nan)
0 (nan, nan, nan, nan, nan)
0 (nan, nan, nan, nan, nan)
0 (nan, nan, nan, nan, nan)
0 (nan, nan, nan, nan, nan)
0 (nan, nan, nan, nan, nan)
0 (nan, nan, nan, nan, nan)
0 (nan, nan, nan, nan, nan)
0 (nan, nan, nan, nan, nan)
0 (nan, nan, nan, nan, nan)
14 (-0.19023821104257294, -0.1781365044319803, 0.06649373694290427, -0.07327098700230933, -0.30025413461314154)
72 (-0.11882892006939508, -0.11395234975606489, 0.08578514786361384, 0.20812727438029466, -0.3616226902256833)
80 (-0.08980721904637919, -0.08492550964703731, 0.11371248139174107, 0.42888841234673963, -0.3605751853813814)
112 (-0.017866579844701812, -0.024266194769448537, 0.09131645914336042, 0.2539859449092715, -0.3013336032523294)
104 (0.04317742824412005, 0.02199626087060472, 0.13341478128233664, 0.697735072653385, -0.30821758711398184)
64 (0.09417453164276875, 0.05990402763316405, 0.14815549320354454, 0.6369921129802127, -0.13010561578441068)
33 (0.12797689917367625, 0.12132305334609468, 0.14489835016670147, 0.4972823272637733, -0.1086997347526126)
14 (0.13124092287818484, 0.09599555016717845, 0.1205275319410012, 0.41677371194545687, -0.04057299737383296)
6 (0.3673737470633611, 0.3467949361969468, 0.21710080521969705, 0.7129316195298486, 0.1497260949688766)
1 (0.19751675778408828, 0.19751675778408828, nan, 0.19751675778408828, 0.19751675778408828)
0 (nan, nan, nan, nan, nan)
0 (nan, nan, nan, nan, nan)
0 (nan, nan, nan, nan, nan)
0 (nan, nan, nan, nan, nan)
0 (nan, nan, nan, nan, nan)
0 (nan, nan, nan, nan, nan)
0 (nan, nan, nan, nan, nan)
0 (nan, nan, nan, nan, nan)
0 (nan, nan, nan, nan, nan)
0 (nan, nan, nan, nan, nan)
0 (nan, nan, nan, nan, nan)
0 (nan, nan, nan, nan, nan)
0 (nan, nan, nan, nan, nan)
0 (nan, nan, nan, nan, nan)




0.41418792759216366
LGBMRegressor(alpha=0.05, boosting_type='gbdt', class_weight=None,
       colsample_bytree=1.0, learning_rate=0.1, max_depth=-1,
       min_child_samples=20, min_child_weight=0.001, min_split_gain=0,
       n_estimators=50, n_jobs=-1, num_leaves=31, objective='regression',
       random_state=0, reg_alpha=0.0, reg_lambda=0.0, silent=True,
       subsample=1.0, subsample_for_bin=200000, subsample_freq=0,
       verbosity=-2)
0 (nan, nan, nan, nan, nan)
0 (nan, nan, nan, nan, nan)
0 (nan, nan, nan, nan, nan)
0 (nan, nan, nan, nan, nan)
0 (nan, nan, nan, nan, nan)
0 (nan, nan, nan, nan, nan)
0 (nan, nan, nan, nan, nan)
0 (nan, nan, nan, nan, nan)
0 (nan, nan, nan, nan, nan)
0 (nan, nan, nan, nan, nan)
0 (nan, nan, nan, nan, nan)
0 (nan, nan, nan, nan, nan)
0 (nan, nan, nan, nan, nan)
2 (-0.09943006996729217, -0.09943006996729217, 0.036994529908321735, -0.07327098700230933, -0.12558915293227502)
2 (-0.16884360049862454, -0.16884360049862454, 0.03491251951587506, -0.1441567212006416, -0.19353047979660748)
9 (-0.1518558311304662, -0.1658412917454101, 0.10666580969898191, 0.06388287245779914, -0.3034853344440881)
32 (-0.164715727858418, -0.15887325423824844, 0.07914099901824476, 0.004807207755839987, -0.31652249711421654)
55 (-0.1039679089459382, -0.1024039969590563, 0.07041061293494302, 0.044655527854652974, -0.28702218171278115)
70 (-0.08301268116792393, -0.0745347972396712, 0.12135756434139452, 0.42888841234673963, -0.3616226902256833)
90 (-0.028102983426113642, -0.04602608230075149, 0.10581099044146378, 0.3469112245864499, -0.30821758711398184)
90 (0.04235798643632019, 0.021465559670720138, 0.1291763272787069, 0.697735072653385, -0.18788840974477988)
61 (0.058667852765214815, 0.029477961807758454, 0.1106176044035036, 0.5141734452380047, -0.14363752869351257)
36 (0.06265348990579875, 0.06137347410114265, 0.11013887588688012, 0.43227891781010586, -0.12536636916487687)
22 (0.12443862693794218, 0.0978352433868555, 0.12843504738480935, 0.4972823272637733, -0.04057299737383296)
16 (0.19380818825221582, 0.1466723995641536, 0.13429740967602033, 0.49228377579092786, 0.04728760498792879)
10 (0.2880943883532068, 0.29571170625213694, 0.20467558715199943, 0.6369921129802127, 0.005454984676636646)
4 (0.3230377016966366, 0.2117540337800387, 0.2615269022189067, 0.7129316195298486, 0.15571111969662033)
1 (0.1497260949688766, 0.1497260949688766, nan, 0.1497260949688766, 0.1497260949688766)
0 (nan, nan, nan, nan, nan)
0 (nan, nan, nan, nan, nan)
0 (nan, nan, nan, nan, nan)
0 (nan, nan, nan, nan, nan)
0 (nan, nan, nan, nan, nan)
0 (nan, nan, nan, nan, nan)
0 (nan, nan, nan, nan, nan)
0 (nan, nan, nan, nan, nan)
0 (nan, nan, nan, nan, nan)
0 (nan, nan, nan, nan, nan)
0 (nan, nan, nan, nan, nan)
0 (nan, nan, nan, nan, nan)