change y to max rise or decline

--------
2011-02-28 2016-12-01
2017-01-03 2018-11-15
(72349, 545) (72349,)
(25568, 545) (25568, 3)



-0.12255490400299164
LGBMRegressor(boosting_type='gbdt', class_weight=None, colsample_bytree=1.0,
       learning_rate=0.1, max_depth=8, min_child_samples=20,
       min_child_weight=0.001, min_split_gain=0, n_estimators=30,
       n_jobs=-1, num_leaves=32, objective=None, random_state=0,
       reg_alpha=0.0, reg_lambda=0.0, silent=True, subsample=1.0,
       subsample_for_bin=200000, subsample_freq=0)
0 (nan, nan, nan, nan, nan)
0 (nan, nan, nan, nan, nan)
0 (nan, nan, nan, nan, nan)
0 (nan, nan, nan, nan, nan)
0 (nan, nan, nan, nan, nan)
0 (nan, nan, nan, nan, nan)
0 (nan, nan, nan, nan, nan)
0 (nan, nan, nan, nan, nan)
0 (nan, nan, nan, nan, nan)
0 (nan, nan, nan, nan, nan)
0 (nan, nan, nan, nan, nan)
0 (nan, nan, nan, nan, nan)
0 (nan, nan, nan, nan, nan)
0 (nan, nan, nan, nan, nan)
0 (nan, nan, nan, nan, nan)
0 (nan, nan, nan, nan, nan)
0 (nan, nan, nan, nan, nan)
0 (nan, nan, nan, nan, nan)
52 (0.11720338781845176, 0.12272279407494247, 0.11643238647453179, 0.4196479273140261, -0.222681281618887)
3741 (-0.02708533546169648, -0.07258367807446409, 0.15272559898873556, 0.8043636363636364, -0.5906680805938493)
6041 (-0.0036454950470084973, 0.0, 0.15126993776424852, 0.8832684824902723, -0.6014455343314404)
11862 (0.02268835858044975, 0.05012042929162286, 0.14683334942709636, 0.6666666666666665, -0.4162621359223301)
3487 (0.030708375248634574, 0.07153846153846155, 0.16130067361828418, 0.5749354005167957, -0.3578034682080926)
159 (0.009269345354945212, 0.0, 0.1691664082540758, 0.3793103448275865, -0.341305229023105)
78 (-0.03071283237335974, -0.08687868915911362, 0.17514835784264646, 0.34023402340234044, -0.343125)
58 (0.07588685783675828, 0.1409994155464641, 0.1944362627322315, 0.44268774703557323, -0.26877470355731214)
52 (0.06506261562652244, 0.15611630589701386, 0.18342809502166788, 0.2726495726495728, -0.33943089430894313)
33 (0.04389194052305089, 0.15263157894736823, 0.23796668380322086, 0.41914618369987067, -0.30462317922735904)
5 (0.09899117217258306, 0.2144788224692098, 0.29212634520401376, 0.3712500000000001, -0.21964285714285703)
0 (nan, nan, nan, nan, nan)
0 (nan, nan, nan, nan, nan)
0 (nan, nan, nan, nan, nan)
0 (nan, nan, nan, nan, nan)
0 (nan, nan, nan, nan, nan)
0 (nan, nan, nan, nan, nan)
0 (nan, nan, nan, nan, nan)
0 (nan, nan, nan, nan, nan)
0 (nan, nan, nan, nan, nan)
0 (nan, nan, nan, nan, nan)
0 (nan, nan, nan, nan, nan)

0 (nan, nan, nan, nan, nan)
0 (nan, nan, nan, nan, nan)
0 (nan, nan, nan, nan, nan)
0 (nan, nan, nan, nan, nan)
0 (nan, nan, nan, nan, nan)
0 (nan, nan, nan, nan, nan)
0 (nan, nan, nan, nan, nan)
0 (nan, nan, nan, nan, nan)
0 (nan, nan, nan, nan, nan)
0 (nan, nan, nan, nan, nan)
0 (nan, nan, nan, nan, nan)
0 (nan, nan, nan, nan, nan)
0 (nan, nan, nan, nan, nan)
0 (nan, nan, nan, nan, nan)
0 (nan, nan, nan, nan, nan)
0 (nan, nan, nan, nan, nan)
0 (nan, nan, nan, nan, nan)
0 (nan, nan, nan, nan, nan)
52 (0.1335444508547761, 0.12272279407494247, 0.08908925569111993, 0.4196479273140261, 0.01517706576728517)
3741 (0.06907670932360013, 0.04901960784313708, 0.08353384691684411, 0.8043636363636364, -0.18314559866499802)
6041 (0.0728856722524167, 0.051224944320712895, 0.08802612880288502, 0.8832684824902723, -0.19402173913043474)
11862 (0.08823782872755558, 0.06705194936431347, 0.08498425422953759, 0.6666666666666665, -0.10578478964401283)
3487 (0.10206787503763298, 0.08233638282899358, 0.0924692971555349, 0.5749354005167957, -0.10079184002147368)
159 (0.10042937186756044, 0.09175870858113844, 0.08697669347843148, 0.3793103448275865, -0.04117647058823526)
78 (0.085007484648621, 0.07783484551740671, 0.08466598611601048, 0.34023402340234044, -0.0837500000000001)
58 (0.15461290883826836, 0.14632367103235744, 0.10011874677854897, 0.44268774703557323, -0.011857707509881354)
52 (0.14234119609301704, 0.15611630589701386, 0.08008530890039578, 0.2726495726495728, -0.011627906976744207)
33 (0.14803445541146731, 0.15263157894736823, 0.12444287953229798, 0.41914618369987067, -0.02530802530802534)
5 (0.20247529915670998, 0.2144788224692098, 0.15680358683625972, 0.3712500000000001, 0.020000000000000018)
0 (nan, nan, nan, nan, nan)
0 (nan, nan, nan, nan, nan)
0 (nan, nan, nan, nan, nan)
0 (nan, nan, nan, nan, nan)
0 (nan, nan, nan, nan, nan)
0 (nan, nan, nan, nan, nan)
0 (nan, nan, nan, nan, nan)
0 (nan, nan, nan, nan, nan)
0 (nan, nan, nan, nan, nan)
0 (nan, nan, nan, nan, nan)
0 (nan, nan, nan, nan, nan)



-0.22472281321280474
LGBMRegressor(boosting_type='gbdt', class_weight=None, colsample_bytree=1.0,
       learning_rate=0.1, max_depth=12, min_child_samples=20,
       min_child_weight=0.001, min_split_gain=0.5, n_estimators=30,
       n_jobs=-1, num_leaves=32, objective=None, random_state=0,
       reg_alpha=0.0, reg_lambda=0.0, silent=True, subsample=1.0,
       subsample_for_bin=200000, subsample_freq=0)
0 (nan, nan, nan, nan, nan)
0 (nan, nan, nan, nan, nan)
0 (nan, nan, nan, nan, nan)
0 (nan, nan, nan, nan, nan)
0 (nan, nan, nan, nan, nan)
0 (nan, nan, nan, nan, nan)
0 (nan, nan, nan, nan, nan)
0 (nan, nan, nan, nan, nan)
0 (nan, nan, nan, nan, nan)
0 (nan, nan, nan, nan, nan)
0 (nan, nan, nan, nan, nan)
0 (nan, nan, nan, nan, nan)
0 (nan, nan, nan, nan, nan)
0 (nan, nan, nan, nan, nan)
0 (nan, nan, nan, nan, nan)
0 (nan, nan, nan, nan, nan)
0 (nan, nan, nan, nan, nan)
0 (nan, nan, nan, nan, nan)
119 (-0.03184303178860516, -0.11689291101055799, 0.17031112431728054, 0.5292792792792795, -0.30627774254914397)
3707 (-0.014792200074886788, -0.052244897959183634, 0.15072982101102575, 0.8724528301886791, -0.3582677165354331)
5036 (-0.0007680879649608754, 0.0, 0.15063534541381074, 0.8832684824902723, -0.5991692627206646)
8923 (0.014969035019185086, 0.035539215686274384, 0.14515330317990796, 0.6666666666666665, -0.6014455343314404)
6361 (0.026140981579711356, 0.06272401433691743, 0.15558225685898552, 0.597989949748744, -0.4162621359223301)
1093 (0.025574670212333995, 0.06751824817518237, 0.1796422924834627, 0.5283638068448198, -0.343125)
159 (-0.04748822599575339, -0.1333333333333333, 0.17021187205053662, 0.49695121951219523, -0.33943089430894313)
76 (-0.00012088381985183992, -0.03813883860186612, 0.2008908871932574, 0.39390088945362134, -0.2808283652337622)
53 (0.0998520539625951, 0.1614092585006146, 0.19496963419174046, 0.44268774703557323, -0.30462317922735904)
34 (0.09613918058673825, 0.16618179962231405, 0.1763604447212491, 0.3712500000000001, -0.26873126873126874)
7 (0.20686385129309331, 0.1891176470588234, 0.040115437963973974, 0.28227085315572475, 0.1684971098265895)
0 (nan, nan, nan, nan, nan)
0 (nan, nan, nan, nan, nan)
0 (nan, nan, nan, nan, nan)
0 (nan, nan, nan, nan, nan)
0 (nan, nan, nan, nan, nan)
0 (nan, nan, nan, nan, nan)
0 (nan, nan, nan, nan, nan)
0 (nan, nan, nan, nan, nan)
0 (nan, nan, nan, nan, nan)
0 (nan, nan, nan, nan, nan)
0 (nan, nan, nan, nan, nan)

0 (nan, nan, nan, nan, nan)
0 (nan, nan, nan, nan, nan)
0 (nan, nan, nan, nan, nan)
0 (nan, nan, nan, nan, nan)
0 (nan, nan, nan, nan, nan)
0 (nan, nan, nan, nan, nan)
0 (nan, nan, nan, nan, nan)
0 (nan, nan, nan, nan, nan)
0 (nan, nan, nan, nan, nan)
0 (nan, nan, nan, nan, nan)
0 (nan, nan, nan, nan, nan)
0 (nan, nan, nan, nan, nan)
0 (nan, nan, nan, nan, nan)
0 (nan, nan, nan, nan, nan)
0 (nan, nan, nan, nan, nan)
0 (nan, nan, nan, nan, nan)
0 (nan, nan, nan, nan, nan)
0 (nan, nan, nan, nan, nan)
119 (0.07992452836199206, 0.0565217391304349, 0.09348568264231039, 0.5292792792792795, -0.038681039949270635)
3707 (0.07263691049064612, 0.05371413598847119, 0.08272265139976226, 0.8724528301886791, -0.18314559866499802)
5036 (0.073620483545428, 0.05317856608292171, 0.09056402187265107, 0.8832684824902723, -0.19402173913043474)
8923 (0.08286591520877065, 0.06170321264660883, 0.08335348670037065, 0.6666666666666665, -0.11037410453701235)
6361 (0.09535162082250473, 0.07476635514018692, 0.08763892466681465, 0.597989949748744, -0.10578478964401283)
1093 (0.11004746794307166, 0.08640939597315422, 0.10153140882228798, 0.5283638068448198, -0.0837500000000001)
159 (0.08317343031704202, 0.07327285415212859, 0.08438267981618207, 0.49695121951219523, -0.041010194624652385)
76 (0.11658825642472057, 0.1012926662346203, 0.09969670724563783, 0.39390088945362134, -0.0774077407740773)
53 (0.1621659872465277, 0.1614092585006146, 0.10802212632189305, 0.44268774703557323, -0.024699176694110148)
34 (0.1539134639604924, 0.16618179962231405, 0.08644579573441791, 0.3712500000000001, -0.02530802530802534)
7 (0.20686385129309331, 0.1891176470588234, 0.040115437963973974, 0.28227085315572475, 0.1684971098265895)
0 (nan, nan, nan, nan, nan)
0 (nan, nan, nan, nan, nan)
0 (nan, nan, nan, nan, nan)
0 (nan, nan, nan, nan, nan)
0 (nan, nan, nan, nan, nan)
0 (nan, nan, nan, nan, nan)
0 (nan, nan, nan, nan, nan)
0 (nan, nan, nan, nan, nan)
0 (nan, nan, nan, nan, nan)
0 (nan, nan, nan, nan, nan)
0 (nan, nan, nan, nan, nan)



-0.16880234451372855
LGBMRegressor(boosting_type='gbdt', class_weight=None, colsample_bytree=1.0,
       learning_rate=0.1, max_depth=16, min_child_samples=30,
       min_child_weight=0.001, min_split_gain=0.5, n_estimators=30,
       n_jobs=-1, num_leaves=64, objective=None, random_state=0,
       reg_alpha=0.0, reg_lambda=0.0, silent=True, subsample=1.0,
       subsample_for_bin=200000, subsample_freq=0)
0 (nan, nan, nan, nan, nan)
0 (nan, nan, nan, nan, nan)
0 (nan, nan, nan, nan, nan)
0 (nan, nan, nan, nan, nan)
0 (nan, nan, nan, nan, nan)
0 (nan, nan, nan, nan, nan)
0 (nan, nan, nan, nan, nan)
0 (nan, nan, nan, nan, nan)
0 (nan, nan, nan, nan, nan)
0 (nan, nan, nan, nan, nan)
0 (nan, nan, nan, nan, nan)
0 (nan, nan, nan, nan, nan)
0 (nan, nan, nan, nan, nan)
0 (nan, nan, nan, nan, nan)
0 (nan, nan, nan, nan, nan)
0 (nan, nan, nan, nan, nan)
0 (nan, nan, nan, nan, nan)
0 (nan, nan, nan, nan, nan)
1499 (-0.060651457818579974, -0.10908300738809218, 0.14369342989564482, 0.6030395136778117, -0.34509803921568627)
4256 (0.0052875357208884794, 0.0, 0.14913511539577995, 0.8724528301886791, -0.5968668407310704)
4993 (-0.0033716623182517024, 0.0, 0.15024713398112483, 0.8832684824902723, -0.6014455343314404)
9432 (0.01897188676597984, 0.043076923076923235, 0.1469566753849655, 0.6727145847871598, -0.4168670242278528)
4079 (0.03740341320970295, 0.07356608478802995, 0.15546254668906268, 0.597989949748744, -0.4035187287173666)
839 (0.0277300227333681, 0.05965621840242674, 0.17935385286996697, 0.5283638068448198, -0.4162621359223301)
283 (-0.03970876167662207, -0.10596026490066224, 0.17072995938140043, 0.4978850460313513, -0.343125)
80 (0.0054629322507134, -0.011976047904191656, 0.2015870202868135, 0.41914618369987067, -0.2808283652337622)
62 (0.06928569224299051, 0.15172746612039067, 0.19971415775055476, 0.44268774703557323, -0.30462317922735904)
39 (0.09070843755434581, 0.1684971098265895, 0.16941824122679608, 0.28227085315572475, -0.26873126873126874)
6 (0.19991198425554138, 0.20057665807933633, 0.04440408445074422, 0.2577639751552798, 0.133546581367453)
0 (nan, nan, nan, nan, nan)
0 (nan, nan, nan, nan, nan)
0 (nan, nan, nan, nan, nan)
0 (nan, nan, nan, nan, nan)
0 (nan, nan, nan, nan, nan)
0 (nan, nan, nan, nan, nan)
0 (nan, nan, nan, nan, nan)
0 (nan, nan, nan, nan, nan)
0 (nan, nan, nan, nan, nan)
0 (nan, nan, nan, nan, nan)
0 (nan, nan, nan, nan, nan)

0 (nan, nan, nan, nan, nan)
0 (nan, nan, nan, nan, nan)
0 (nan, nan, nan, nan, nan)
0 (nan, nan, nan, nan, nan)
0 (nan, nan, nan, nan, nan)
0 (nan, nan, nan, nan, nan)
0 (nan, nan, nan, nan, nan)
0 (nan, nan, nan, nan, nan)
0 (nan, nan, nan, nan, nan)
0 (nan, nan, nan, nan, nan)
0 (nan, nan, nan, nan, nan)
0 (nan, nan, nan, nan, nan)
0 (nan, nan, nan, nan, nan)
0 (nan, nan, nan, nan, nan)
0 (nan, nan, nan, nan, nan)
0 (nan, nan, nan, nan, nan)
0 (nan, nan, nan, nan, nan)
0 (nan, nan, nan, nan, nan)
1499 (0.05738621669952654, 0.041286079649250906, 0.06780469528606349, 0.6030395136778117, -0.18314559866499802)
4256 (0.07780764146698385, 0.05882352941176483, 0.08830655437616015, 0.8724528301886791, -0.10780487804878058)
4993 (0.07439605835198598, 0.05432420686657968, 0.08517478236139792, 0.8832684824902723, -0.19402173913043474)
9432 (0.08565279551146332, 0.06325426888239527, 0.08589689903915064, 0.6727145847871598, -0.11037410453701235)
4079 (0.10158900768468102, 0.08169052119902775, 0.08993649609255204, 0.597989949748744, -0.10079184002147368)
839 (0.11049010115703173, 0.08417377812257554, 0.10504863885132891, 0.5283638068448198, -0.10578478964401283)
283 (0.08555395590302028, 0.0730785384292314, 0.07977792248131972, 0.4978850460313513, -0.0837500000000001)
80 (0.11438596702965968, 0.10931629201920345, 0.10612093094746305, 0.41914618369987067, -0.03960612691466081)
62 (0.1478087587619497, 0.15172746612039067, 0.09918465927470056, 0.44268774703557323, -0.024699176694110148)
39 (0.14869547453336646, 0.1684971098265895, 0.0826826120486108, 0.28227085315572475, -0.02530802530802534)
6 (0.19991198425554138, 0.20057665807933633, 0.04440408445074422, 0.2577639751552798, 0.133546581367453)
0 (nan, nan, nan, nan, nan)
0 (nan, nan, nan, nan, nan)
0 (nan, nan, nan, nan, nan)
0 (nan, nan, nan, nan, nan)
0 (nan, nan, nan, nan, nan)
0 (nan, nan, nan, nan, nan)
0 (nan, nan, nan, nan, nan)
0 (nan, nan, nan, nan, nan)
0 (nan, nan, nan, nan, nan)
0 (nan, nan, nan, nan, nan)
0 (nan, nan, nan, nan, nan)






-0.14087996281485093
LGBMRegressor(boosting_type='gbdt', class_weight=None, colsample_bytree=1.0,
       learning_rate=0.1, max_depth=16, min_child_samples=20,
       min_child_weight=0.001, min_split_gain=0.5, n_estimators=30,
       n_jobs=-1, num_leaves=64, objective=None, random_state=0,
       reg_alpha=0.0, reg_lambda=0.0, silent=True, subsample=1.0,
       subsample_for_bin=200000, subsample_freq=0)
0 (nan, nan, nan, nan, nan)
0 (nan, nan, nan, nan, nan)
0 (nan, nan, nan, nan, nan)
0 (nan, nan, nan, nan, nan)
0 (nan, nan, nan, nan, nan)
0 (nan, nan, nan, nan, nan)
0 (nan, nan, nan, nan, nan)
0 (nan, nan, nan, nan, nan)
0 (nan, nan, nan, nan, nan)
0 (nan, nan, nan, nan, nan)
0 (nan, nan, nan, nan, nan)
0 (nan, nan, nan, nan, nan)
0 (nan, nan, nan, nan, nan)
0 (nan, nan, nan, nan, nan)
0 (nan, nan, nan, nan, nan)
0 (nan, nan, nan, nan, nan)
0 (nan, nan, nan, nan, nan)
0 (nan, nan, nan, nan, nan)
1570 (-0.0580315774891276, -0.11103762669784156, 0.14888834345647056, 0.6491557223264541, -0.34509803921568627)
3693 (0.015090593896905664, 0.0, 0.1470460583204323, 0.8724528301886791, -0.5906680805938493)
5784 (-0.006894119241587196, 0.0, 0.15118461089818075, 0.8832684824902723, -0.6014455343314404)
9851 (0.018036694377491728, 0.03949730700179521, 0.148927832370685, 0.6666666666666665, -0.5991692627206646)
3891 (0.042335670678010515, 0.07777777777777772, 0.15312511298525222, 0.6253333333333333, -0.4162621359223301)
501 (-0.0019367963814832224, -0.0546632124352332, 0.17534500249379315, 0.4978850460313513, -0.31937172774869105)
99 (-0.08523387052085664, -0.15026455026455032, 0.15967581238502296, 0.34023402340234044, -0.343125)
86 (0.024685701027919785, 0.09015372724149784, 0.18192914501319524, 0.39390088945362134, -0.33943089430894313)
74 (0.11945258540425388, 0.18229873239702965, 0.18397290379958353, 0.44268774703557323, -0.26877470355731214)
15 (-0.008512493427746277, 0.10632911392405053, 0.2596965671142988, 0.3382716049382717, -0.30462317922735904)
4 (-0.2041586547043704, -0.21452228327228312, 0.045105583312750906, -0.14077860794337382, -0.2468114443295415)
0 (nan, nan, nan, nan, nan)
0 (nan, nan, nan, nan, nan)
0 (nan, nan, nan, nan, nan)
0 (nan, nan, nan, nan, nan)
0 (nan, nan, nan, nan, nan)
0 (nan, nan, nan, nan, nan)
0 (nan, nan, nan, nan, nan)
0 (nan, nan, nan, nan, nan)
0 (nan, nan, nan, nan, nan)
0 (nan, nan, nan, nan, nan)
0 (nan, nan, nan, nan, nan)

0 (nan, nan, nan, nan, nan)
0 (nan, nan, nan, nan, nan)
0 (nan, nan, nan, nan, nan)
0 (nan, nan, nan, nan, nan)
0 (nan, nan, nan, nan, nan)
0 (nan, nan, nan, nan, nan)
0 (nan, nan, nan, nan, nan)
0 (nan, nan, nan, nan, nan)
0 (nan, nan, nan, nan, nan)
0 (nan, nan, nan, nan, nan)
0 (nan, nan, nan, nan, nan)
0 (nan, nan, nan, nan, nan)
0 (nan, nan, nan, nan, nan)
0 (nan, nan, nan, nan, nan)
0 (nan, nan, nan, nan, nan)
0 (nan, nan, nan, nan, nan)
0 (nan, nan, nan, nan, nan)
0 (nan, nan, nan, nan, nan)
1570 (0.0621768100176524, 0.045177341731332255, 0.07266370567389134, 0.6491557223264541, -0.18314559866499802)
3693 (0.0784558474253427, 0.057835820895522305, 0.09289997774475192, 0.8724528301886791, -0.07907930720145862)
5784 (0.07619045650323021, 0.05708040358933708, 0.08223872172940418, 0.8832684824902723, -0.19402173913043474)
9851 (0.08569737798638642, 0.0621457489878543, 0.08708121543294112, 0.6666666666666665, -0.11037410453701235)
3891 (0.10293518124775444, 0.0843828715365238, 0.09082656450784608, 0.6253333333333333, -0.10578478964401283)
501 (0.09665690196653988, 0.07806983130639478, 0.09080564566371326, 0.4978850460313513, -0.05745418524021795)
99 (0.06601846058269357, 0.05861136158701541, 0.07191674571891765, 0.34023402340234044, -0.0837500000000001)
86 (0.1212778061148187, 0.1201945412311266, 0.08750985061975756, 0.39390088945362134, -0.011627906976744207)
74 (0.1745032850419084, 0.18229873239702965, 0.10118788189356968, 0.44268774703557323, -0.011857707509881354)
15 (0.1257302210510181, 0.10632911392405053, 0.11953249002176607, 0.3382716049382717, -0.02530802530802534)
4 (0.03994235149211131, 0.044188034188034186, 0.046500389862058136, 0.08690523004325601, -0.015511892450879139)
0 (nan, nan, nan, nan, nan)
0 (nan, nan, nan, nan, nan)
0 (nan, nan, nan, nan, nan)
0 (nan, nan, nan, nan, nan)
0 (nan, nan, nan, nan, nan)
0 (nan, nan, nan, nan, nan)
0 (nan, nan, nan, nan, nan)
0 (nan, nan, nan, nan, nan)
0 (nan, nan, nan, nan, nan)
0 (nan, nan, nan, nan, nan)
0 (nan, nan, nan, nan, nan)





-0.21750455555267778
LGBMRegressor(boosting_type='gbdt', class_weight=None, colsample_bytree=1.0,
       learning_rate=0.1, max_depth=16, min_child_samples=30,
       min_child_weight=0.001, min_split_gain=0, n_estimators=30,
       n_jobs=-1, num_leaves=64, objective=None, random_state=0,
       reg_alpha=0.0, reg_lambda=0.0, silent=True, subsample=1.0,
       subsample_for_bin=200000, subsample_freq=0)
0 (nan, nan, nan, nan, nan)
0 (nan, nan, nan, nan, nan)
0 (nan, nan, nan, nan, nan)
0 (nan, nan, nan, nan, nan)
0 (nan, nan, nan, nan, nan)
0 (nan, nan, nan, nan, nan)
0 (nan, nan, nan, nan, nan)
0 (nan, nan, nan, nan, nan)
0 (nan, nan, nan, nan, nan)
0 (nan, nan, nan, nan, nan)
0 (nan, nan, nan, nan, nan)
0 (nan, nan, nan, nan, nan)
0 (nan, nan, nan, nan, nan)
0 (nan, nan, nan, nan, nan)
0 (nan, nan, nan, nan, nan)
0 (nan, nan, nan, nan, nan)
0 (nan, nan, nan, nan, nan)
1 (-0.17506882312456984, -0.17506882312456984, nan, -0.17506882312456984, -0.17506882312456984)
1178 (-0.06287603504129874, -0.11514818857911502, 0.14930714573429726, 0.6030395136778117, -0.33950617283950624)
3911 (0.004613024303558847, 0.0, 0.14922787251604705, 0.8724528301886791, -0.5895800106326421)
4874 (-0.012640883669380803, 0.0, 0.15020359343438544, 0.8832684824902723, -0.5991692627206646)
8341 (0.022157022429491222, 0.04950099800399199, 0.14731985603681, 0.7660103626587744, -0.6014455343314404)
5383 (0.03745571698662049, 0.06666666666666665, 0.14974093736231908, 0.6666666666666665, -0.4035187287173666)
1372 (0.001186408045355831, -0.06892791461670256, 0.16826945624311232, 0.5219421101774042, -0.3578034682080926)
312 (-0.05038592980396799, -0.11632948786208575, 0.17904948350007144, 0.4317083882301276, -0.4162621359223301)
69 (0.03806229573375043, 0.08812466415905429, 0.16809000107782274, 0.3903675538656528, -0.26877470355731214)
70 (0.0712189269980543, 0.1355773593466425, 0.19963005552248547, 0.44268774703557323, -0.30462317922735904)
45 (0.10766573179286851, 0.1684971098265895, 0.1680216117839292, 0.3712500000000001, -0.2769180111952585)
11 (0.09042377941273215, 0.18667449368946287, 0.20381870276217798, 0.2577639751552798, -0.26873126873126874)
1 (-0.21964285714285703, -0.21964285714285703, nan, -0.21964285714285703, -0.21964285714285703)
0 (nan, nan, nan, nan, nan)
0 (nan, nan, nan, nan, nan)
0 (nan, nan, nan, nan, nan)
0 (nan, nan, nan, nan, nan)
0 (nan, nan, nan, nan, nan)
0 (nan, nan, nan, nan, nan)
0 (nan, nan, nan, nan, nan)
0 (nan, nan, nan, nan, nan)
0 (nan, nan, nan, nan, nan)
0 (nan, nan, nan, nan, nan)

0 (nan, nan, nan, nan, nan)
0 (nan, nan, nan, nan, nan)
0 (nan, nan, nan, nan, nan)
0 (nan, nan, nan, nan, nan)
0 (nan, nan, nan, nan, nan)
0 (nan, nan, nan, nan, nan)
0 (nan, nan, nan, nan, nan)
0 (nan, nan, nan, nan, nan)
0 (nan, nan, nan, nan, nan)
0 (nan, nan, nan, nan, nan)
0 (nan, nan, nan, nan, nan)
0 (nan, nan, nan, nan, nan)
0 (nan, nan, nan, nan, nan)
0 (nan, nan, nan, nan, nan)
0 (nan, nan, nan, nan, nan)
0 (nan, nan, nan, nan, nan)
0 (nan, nan, nan, nan, nan)
1 (0.010753613214040003, 0.010753613214040003, nan, 0.010753613214040003, 0.010753613214040003)
1178 (0.06058209582904214, 0.042314678251487825, 0.07200455680333409, 0.6030395136778117, -0.12865267699548932)
3911 (0.07821743306597809, 0.059633027522935755, 0.08864434309663632, 0.8724528301886791, -0.18314559866499802)
4874 (0.06977302102523376, 0.04851752021563338, 0.08452080769398622, 0.8832684824902723, -0.0958990536277603)
8341 (0.08754830526604226, 0.06598297213622306, 0.08603511173884806, 0.7660103626587744, -0.19402173913043474)
5383 (0.09745564705169986, 0.07558139534883712, 0.08913850024925636, 0.6666666666666665, -0.0708556149732621)
1372 (0.09343928794061665, 0.06926516106843983, 0.09379224183503249, 0.5219421101774042, -0.10079184002147368)
312 (0.08404915991711798, 0.06536997361738517, 0.08258189229817954, 0.4317083882301276, -0.10578478964401283)
69 (0.10678888971493579, 0.11064718162839249, 0.09525625168332855, 0.3903675538656528, -0.0774077407740773)
70 (0.14582530537795232, 0.1355773593466425, 0.11074584401236232, 0.44268774703557323, -0.024699176694110148)
45 (0.15995702584960722, 0.1684971098265895, 0.08488418469849554, 0.3712500000000001, 0.000381533765738018)
11 (0.15427892789350814, 0.18667449368946287, 0.09951003206805287, 0.2577639751552798, -0.02530802530802534)
1 (0.020000000000000018, 0.020000000000000018, nan, 0.020000000000000018, 0.020000000000000018)
0 (nan, nan, nan, nan, nan)
0 (nan, nan, nan, nan, nan)
0 (nan, nan, nan, nan, nan)
0 (nan, nan, nan, nan, nan)
0 (nan, nan, nan, nan, nan)
0 (nan, nan, nan, nan, nan)
0 (nan, nan, nan, nan, nan)
0 (nan, nan, nan, nan, nan)
0 (nan, nan, nan, nan, nan)
0 (nan, nan, nan, nan, nan)




------
sample_weight = np.abs(y)
sample_weight = np.mean(sample_weight)

-0.41822133325815947
LGBMRegressor(boosting_type='gbdt', class_weight=None, colsample_bytree=1.0,
       learning_rate=0.1, max_depth=8, min_child_samples=20,
       min_child_weight=0.001, min_split_gain=0.5, n_estimators=30,
       n_jobs=-1, num_leaves=32, objective=None, random_state=0,
       reg_alpha=0.0, reg_lambda=0.0, silent=True, subsample=1.0,
       subsample_for_bin=200000, subsample_freq=0)
0 (nan, nan, nan, nan, nan)
0 (nan, nan, nan, nan, nan)
0 (nan, nan, nan, nan, nan)
0 (nan, nan, nan, nan, nan)
0 (nan, nan, nan, nan, nan)
0 (nan, nan, nan, nan, nan)
0 (nan, nan, nan, nan, nan)
0 (nan, nan, nan, nan, nan)
0 (nan, nan, nan, nan, nan)
0 (nan, nan, nan, nan, nan)
0 (nan, nan, nan, nan, nan)
0 (nan, nan, nan, nan, nan)
0 (nan, nan, nan, nan, nan)
0 (nan, nan, nan, nan, nan)
0 (nan, nan, nan, nan, nan)
0 (nan, nan, nan, nan, nan)
0 (nan, nan, nan, nan, nan)
0 (nan, nan, nan, nan, nan)
37 (-0.016241349484832076, 0.0, 0.14469104945464237, 0.216670462309269, -0.2549562808414856)
1503 (-0.05718874176437394, -0.10232343437451907, 0.1390927350132673, 0.5313807531380754, -0.3582677165354331)
3432 (-0.0050259517694496115, -0.03684068374732663, 0.14356358416088094, 0.7545388525780681, -0.5906680805938493)
8925 (0.0266179750567846, 0.05092592592592582, 0.147773884299013, 0.8832684824902723, -0.6014455343314404)
8417 (0.011864156489458986, 0.0, 0.1510954261175227, 0.6894409937888195, -0.5618615209988649)
2145 (0.012422928909817546, 0.04878048780487809, 0.16511982689757373, 0.5289189189189187, -0.36381960191484)
583 (0.0035638877383750637, 0.0, 0.18798594855114084, 0.5078125, -0.38514040561622476)
316 (0.0013412663444885371, 0.0, 0.19373080717201444, 0.445267489711934, -0.343125)
126 (-0.005286100158761862, 0.0, 0.1759914331820181, 0.44268774703557323, -0.26877470355731214)
56 (0.11737464174612199, 0.16913819837679223, 0.189011426420608, 0.41914618369987067, -0.30462317922735904)
26 (-0.017671754113896217, -0.13234270147291666, 0.21817501510180257, 0.3600000000000001, -0.2769180111952585)
2 (-0.2279844832669909, -0.2279844832669909, 0.011796840796995821, -0.21964285714285703, -0.23632610939112475)
0 (nan, nan, nan, nan, nan)
0 (nan, nan, nan, nan, nan)
0 (nan, nan, nan, nan, nan)
0 (nan, nan, nan, nan, nan)
0 (nan, nan, nan, nan, nan)
0 (nan, nan, nan, nan, nan)
0 (nan, nan, nan, nan, nan)
0 (nan, nan, nan, nan, nan)
0 (nan, nan, nan, nan, nan)
0 (nan, nan, nan, nan, nan)

0 (nan, nan, nan, nan, nan)
0 (nan, nan, nan, nan, nan)
0 (nan, nan, nan, nan, nan)
0 (nan, nan, nan, nan, nan)
0 (nan, nan, nan, nan, nan)
0 (nan, nan, nan, nan, nan)
0 (nan, nan, nan, nan, nan)
0 (nan, nan, nan, nan, nan)
0 (nan, nan, nan, nan, nan)
0 (nan, nan, nan, nan, nan)
0 (nan, nan, nan, nan, nan)
0 (nan, nan, nan, nan, nan)
0 (nan, nan, nan, nan, nan)
0 (nan, nan, nan, nan, nan)
0 (nan, nan, nan, nan, nan)
0 (nan, nan, nan, nan, nan)
0 (nan, nan, nan, nan, nan)
0 (nan, nan, nan, nan, nan)
37 (0.0656538503347464, 0.05520000000000014, 0.06481645782793793, 0.216670462309269, -0.03179285480170446)
1503 (0.05555822789054298, 0.0393162393162394, 0.06426352439905055, 0.5313807531380754, -0.18314559866499802)
3432 (0.07531848687084321, 0.05957097130554756, 0.07736517763106206, 0.7545388525780681, -0.12865267699548932)
8925 (0.08812506591519836, 0.06666666666666665, 0.09062437434561624, 0.8832684824902723, -0.19402173913043474)
8417 (0.08340065998992148, 0.061249615266235624, 0.08756275691243193, 0.6894409937888195, -0.11037410453701235)
2145 (0.09429150290637923, 0.07536231884057965, 0.08852627440870534, 0.5289189189189187, -0.10079184002147368)
583 (0.10355804574168705, 0.08743979251574663, 0.09981830978720316, 0.5078125, -0.05745418524021795)
316 (0.10514478890579682, 0.08410054164621472, 0.10920348410769147, 0.445267489711934, -0.0837500000000001)
126 (0.09357093058194242, 0.06645698613226036, 0.0951799032801018, 0.44268774703557323, -0.0774077407740773)
56 (0.16763661451415882, 0.16913819837679223, 0.11107833912112663, 0.41914618369987067, -0.024699176694110148)
26 (0.1194353319156977, 0.10935930259386828, 0.09686059456551441, 0.3600000000000001, -0.02530802530802534)
2 (0.02599587203302367, 0.02599587203302367, 0.008479443547355591, 0.03199174406604732, 0.020000000000000018)
0 (nan, nan, nan, nan, nan)
0 (nan, nan, nan, nan, nan)
0 (nan, nan, nan, nan, nan)
0 (nan, nan, nan, nan, nan)
0 (nan, nan, nan, nan, nan)
0 (nan, nan, nan, nan, nan)
0 (nan, nan, nan, nan, nan)
0 (nan, nan, nan, nan, nan)
0 (nan, nan, nan, nan, nan)
0 (nan, nan, nan, nan, nan)





-0.588345672258328
LGBMRegressor(boosting_type='gbdt', class_weight=None, colsample_bytree=1.0,
       learning_rate=0.1, max_depth=12, min_child_samples=20,
       min_child_weight=0.001, min_split_gain=0.5, n_estimators=30,
       n_jobs=-1, num_leaves=32, objective=None, random_state=0,
       reg_alpha=0.0, reg_lambda=0.0, silent=True, subsample=1.0,
       subsample_for_bin=200000, subsample_freq=0)
0 (nan, nan, nan, nan, nan)
0 (nan, nan, nan, nan, nan)
0 (nan, nan, nan, nan, nan)
0 (nan, nan, nan, nan, nan)
0 (nan, nan, nan, nan, nan)
0 (nan, nan, nan, nan, nan)
0 (nan, nan, nan, nan, nan)
0 (nan, nan, nan, nan, nan)
0 (nan, nan, nan, nan, nan)
0 (nan, nan, nan, nan, nan)
0 (nan, nan, nan, nan, nan)
0 (nan, nan, nan, nan, nan)
0 (nan, nan, nan, nan, nan)
0 (nan, nan, nan, nan, nan)
0 (nan, nan, nan, nan, nan)
0 (nan, nan, nan, nan, nan)
0 (nan, nan, nan, nan, nan)
0 (nan, nan, nan, nan, nan)
1 (-0.20566037735849063, -0.20566037735849063, nan, -0.20566037735849063, -0.20566037735849063)
927 (-0.06012558426872008, -0.11173153688394677, 0.1435592290689709, 0.4196479273140261, -0.3271334792122539)
3791 (0.004503752687830615, 0.0, 0.15240092959946716, 0.8724528301886791, -0.5991692627206646)
3759 (-0.00940237443018575, -0.055280528052805256, 0.1592355526879024, 0.8832684824902723, -0.5968668407310704)
8370 (0.012753352272710457, 0.0, 0.14075636086628593, 0.6316736652669463, -0.6014455343314404)
7393 (0.02822288221801481, 0.05517241379310356, 0.15439213803892485, 0.6666666666666665, -0.4162621359223301)
1071 (0.017100760848391985, 0.0, 0.17383315816404007, 0.5283638068448198, -0.34869739478957906)
124 (0.016165545677366538, 0.0, 0.2050624957912081, 0.398989898989899, -0.30646672914714146)
54 (0.02600906943779522, 0.10055160497109061, 0.20055008057090523, 0.41914618369987067, -0.2808283652337622)
48 (0.04618301261418482, 0.10978907592849041, 0.21889902613756698, 0.44268774703557323, -0.2769180111952585)
30 (0.0878485213352571, 0.16618179962231405, 0.19356974277686023, 0.28227085315572475, -0.30462317922735904)
0 (nan, nan, nan, nan, nan)
0 (nan, nan, nan, nan, nan)
0 (nan, nan, nan, nan, nan)
0 (nan, nan, nan, nan, nan)
0 (nan, nan, nan, nan, nan)
0 (nan, nan, nan, nan, nan)
0 (nan, nan, nan, nan, nan)
0 (nan, nan, nan, nan, nan)
0 (nan, nan, nan, nan, nan)
0 (nan, nan, nan, nan, nan)
0 (nan, nan, nan, nan, nan)

0 (nan, nan, nan, nan, nan)
0 (nan, nan, nan, nan, nan)
0 (nan, nan, nan, nan, nan)
0 (nan, nan, nan, nan, nan)
0 (nan, nan, nan, nan, nan)
0 (nan, nan, nan, nan, nan)
0 (nan, nan, nan, nan, nan)
0 (nan, nan, nan, nan, nan)
0 (nan, nan, nan, nan, nan)
0 (nan, nan, nan, nan, nan)
0 (nan, nan, nan, nan, nan)
0 (nan, nan, nan, nan, nan)
0 (nan, nan, nan, nan, nan)
0 (nan, nan, nan, nan, nan)
0 (nan, nan, nan, nan, nan)
0 (nan, nan, nan, nan, nan)
0 (nan, nan, nan, nan, nan)
0 (nan, nan, nan, nan, nan)
1 (0.11745283018867925, 0.11745283018867925, nan, 0.11745283018867925, 0.11745283018867925)
927 (0.0569290182575809, 0.036674816625916984, 0.06887862817803748, 0.4196479273140261, -0.06030150753768837)
3791 (0.08013006274269566, 0.061475409836065475, 0.08967064335851266, 0.8724528301886791, -0.18314559866499802)
3759 (0.07951813391592136, 0.060922541340295844, 0.08819451612689402, 0.8832684824902723, -0.19402173913043474)
8370 (0.07958544340903331, 0.05966236852194773, 0.0799615952904459, 0.6316736652669463, -0.11037410453701235)
7393 (0.09305471016573541, 0.0702054794520548, 0.09198785867013302, 0.6666666666666665, -0.10578478964401283)
1071 (0.1021939968088231, 0.08302238805970141, 0.09788708627970381, 0.5283638068448198, -0.0837500000000001)
124 (0.12699746572127277, 0.1130214444908213, 0.10710050111704719, 0.398989898989899, -0.0774077407740773)
54 (0.12124165170298531, 0.10636620360843263, 0.10687863445514506, 0.41914618369987067, -0.011571841851494513)
48 (0.14989057625100896, 0.11373984421977046, 0.10982821679192796, 0.44268774703557323, 0.0010541110330288816)
30 (0.15069391038894506, 0.16618179962231405, 0.08530288472375416, 0.28227085315572475, -0.02530802530802534)
0 (nan, nan, nan, nan, nan)
0 (nan, nan, nan, nan, nan)
0 (nan, nan, nan, nan, nan)
0 (nan, nan, nan, nan, nan)
0 (nan, nan, nan, nan, nan)
0 (nan, nan, nan, nan, nan)
0 (nan, nan, nan, nan, nan)
0 (nan, nan, nan, nan, nan)
0 (nan, nan, nan, nan, nan)
0 (nan, nan, nan, nan, nan)
0 (nan, nan, nan, nan, nan)




------
sample_weight = np.abs(y)

-0.37849299271625036
LGBMRegressor(boosting_type='gbdt', class_weight=None, colsample_bytree=1.0,
       learning_rate=0.1, max_depth=-1, min_child_samples=20,
       min_child_weight=0.001, min_split_gain=0.5, n_estimators=30,
       n_jobs=-1, num_leaves=64, objective=None, random_state=0,
       reg_alpha=0.0, reg_lambda=0.0, silent=True, subsample=1.0,
       subsample_for_bin=200000, subsample_freq=0)
0 (nan, nan, nan, nan, nan)
0 (nan, nan, nan, nan, nan)
0 (nan, nan, nan, nan, nan)
0 (nan, nan, nan, nan, nan)
0 (nan, nan, nan, nan, nan)
0 (nan, nan, nan, nan, nan)
0 (nan, nan, nan, nan, nan)
0 (nan, nan, nan, nan, nan)
0 (nan, nan, nan, nan, nan)
0 (nan, nan, nan, nan, nan)
0 (nan, nan, nan, nan, nan)
0 (nan, nan, nan, nan, nan)
0 (nan, nan, nan, nan, nan)
0 (nan, nan, nan, nan, nan)
0 (nan, nan, nan, nan, nan)
0 (nan, nan, nan, nan, nan)
0 (nan, nan, nan, nan, nan)
0 (nan, nan, nan, nan, nan)
8 (-0.02847858142069759, 0.0, 0.1383517935819284, 0.17487777359909717, -0.2337974075852136)
2598 (-0.02697403524141682, -0.06860187112819804, 0.1440544928755856, 0.7545388525780681, -0.5968668407310704)
4846 (0.0023299214239439732, 0.0, 0.1573563950881294, 0.8724528301886791, -0.6014455343314404)
6058 (0.011417485912641892, 0.0, 0.15246441212222855, 0.8832684824902723, -0.5618615209988649)
8181 (0.01869109279024042, 0.034214618973561484, 0.14825575211596748, 0.6666666666666665, -0.4168670242278528)
3010 (0.032407747203095076, 0.062391501540482674, 0.1466303349037244, 0.6253333333333333, -0.4018550066250237)
492 (0.019288920601666208, 0.09650016800657912, 0.1874532218187298, 0.5289189189189187, -0.3561368209255533)
175 (-0.06565121233261142, -0.1340039310902994, 0.17122384500694426, 0.34615384615384626, -0.343125)
77 (0.02683838174649835, 0.0, 0.17296707416052284, 0.3536363636363635, -0.2808283652337622)
75 (0.0498231542064816, 0.13062098501070674, 0.21342011945752523, 0.41914618369987067, -0.30462317922735904)
44 (0.060296681305239325, 0.154457288945701, 0.19788079815102264, 0.44268774703557323, -0.2769180111952585)
4 (0.17334616651830492, 0.17426307218856507, 0.02307861404401758, 0.20065789473684204, 0.1442006269592475)
0 (nan, nan, nan, nan, nan)
0 (nan, nan, nan, nan, nan)
0 (nan, nan, nan, nan, nan)
0 (nan, nan, nan, nan, nan)
0 (nan, nan, nan, nan, nan)
0 (nan, nan, nan, nan, nan)
0 (nan, nan, nan, nan, nan)
0 (nan, nan, nan, nan, nan)
0 (nan, nan, nan, nan, nan)
0 (nan, nan, nan, nan, nan)

0 (nan, nan, nan, nan, nan)
0 (nan, nan, nan, nan, nan)
0 (nan, nan, nan, nan, nan)
0 (nan, nan, nan, nan, nan)
0 (nan, nan, nan, nan, nan)
0 (nan, nan, nan, nan, nan)
0 (nan, nan, nan, nan, nan)
0 (nan, nan, nan, nan, nan)
0 (nan, nan, nan, nan, nan)
0 (nan, nan, nan, nan, nan)
0 (nan, nan, nan, nan, nan)
0 (nan, nan, nan, nan, nan)
0 (nan, nan, nan, nan, nan)
0 (nan, nan, nan, nan, nan)
0 (nan, nan, nan, nan, nan)
0 (nan, nan, nan, nan, nan)
0 (nan, nan, nan, nan, nan)
0 (nan, nan, nan, nan, nan)
8 (0.04396957455838525, 0.011758118701007958, 0.06926097785164471, 0.17487777359909717, -0.02352376380220822)
2598 (0.066402896361782, 0.04984969819397356, 0.07339794501832292, 0.7545388525780681, -0.18314559866499802)
4846 (0.08164695925747077, 0.06271687894895206, 0.09084808050285276, 0.8724528301886791, -0.19402173913043474)
6058 (0.08585185003974088, 0.06396561762137332, 0.08796729908939961, 0.8832684824902723, -0.10578478964401283)
8181 (0.08470268913042374, 0.061831153388822724, 0.08798801986724535, 0.6666666666666665, -0.11037410453701235)
3010 (0.09173041890355393, 0.07150144282738913, 0.08603477973264298, 0.6253333333333333, -0.0708556149732621)
492 (0.11382209498532078, 0.109950294057783, 0.09162540377836043, 0.5289189189189187, -0.10079184002147368)
175 (0.07810572737338801, 0.05861136158701541, 0.08205866652668486, 0.34615384615384626, -0.0837500000000001)
77 (0.10634286475010653, 0.10354223433242504, 0.09619374386483827, 0.3536363636363635, -0.0774077407740773)
75 (0.14004310065234896, 0.13062098501070674, 0.11387968212183568, 0.41914618369987067, -0.02530802530802534)
44 (0.14506102591651598, 0.154457288945701, 0.09440380638465579, 0.44268774703557323, -0.015511892450879139)
4 (0.17334616651830492, 0.17426307218856507, 0.02307861404401758, 0.20065789473684204, 0.1442006269592475)
0 (nan, nan, nan, nan, nan)
0 (nan, nan, nan, nan, nan)
0 (nan, nan, nan, nan, nan)
0 (nan, nan, nan, nan, nan)
0 (nan, nan, nan, nan, nan)
0 (nan, nan, nan, nan, nan)
0 (nan, nan, nan, nan, nan)
0 (nan, nan, nan, nan, nan)
0 (nan, nan, nan, nan, nan)
0 (nan, nan, nan, nan, nan)




-0.37849299271625036
LGBMRegressor(boosting_type='gbdt', class_weight=None, colsample_bytree=1.0,
       learning_rate=0.1, max_depth=16, min_child_samples=20,
       min_child_weight=0.001, min_split_gain=0.5, n_estimators=30,
       n_jobs=-1, num_leaves=64, objective=None, random_state=0,
       reg_alpha=0.0, reg_lambda=0.0, silent=True, subsample=1.0,
       subsample_for_bin=200000, subsample_freq=0)
0 (nan, nan, nan, nan, nan)
0 (nan, nan, nan, nan, nan)
0 (nan, nan, nan, nan, nan)
0 (nan, nan, nan, nan, nan)
0 (nan, nan, nan, nan, nan)
0 (nan, nan, nan, nan, nan)
0 (nan, nan, nan, nan, nan)
0 (nan, nan, nan, nan, nan)
0 (nan, nan, nan, nan, nan)
0 (nan, nan, nan, nan, nan)
0 (nan, nan, nan, nan, nan)
0 (nan, nan, nan, nan, nan)
0 (nan, nan, nan, nan, nan)
0 (nan, nan, nan, nan, nan)
0 (nan, nan, nan, nan, nan)
0 (nan, nan, nan, nan, nan)
0 (nan, nan, nan, nan, nan)
0 (nan, nan, nan, nan, nan)
8 (-0.02847858142069759, 0.0, 0.1383517935819284, 0.17487777359909717, -0.2337974075852136)
2598 (-0.02697403524141682, -0.06860187112819804, 0.1440544928755856, 0.7545388525780681, -0.5968668407310704)
4846 (0.0023299214239439732, 0.0, 0.1573563950881294, 0.8724528301886791, -0.6014455343314404)
6058 (0.011417485912641892, 0.0, 0.15246441212222855, 0.8832684824902723, -0.5618615209988649)
8181 (0.01869109279024042, 0.034214618973561484, 0.14825575211596748, 0.6666666666666665, -0.4168670242278528)
3010 (0.032407747203095076, 0.062391501540482674, 0.1466303349037244, 0.6253333333333333, -0.4018550066250237)
492 (0.019288920601666208, 0.09650016800657912, 0.1874532218187298, 0.5289189189189187, -0.3561368209255533)
175 (-0.06565121233261142, -0.1340039310902994, 0.17122384500694426, 0.34615384615384626, -0.343125)
77 (0.02683838174649835, 0.0, 0.17296707416052284, 0.3536363636363635, -0.2808283652337622)
75 (0.0498231542064816, 0.13062098501070674, 0.21342011945752523, 0.41914618369987067, -0.30462317922735904)
44 (0.060296681305239325, 0.154457288945701, 0.19788079815102264, 0.44268774703557323, -0.2769180111952585)
4 (0.17334616651830492, 0.17426307218856507, 0.02307861404401758, 0.20065789473684204, 0.1442006269592475)
0 (nan, nan, nan, nan, nan)
0 (nan, nan, nan, nan, nan)
0 (nan, nan, nan, nan, nan)
0 (nan, nan, nan, nan, nan)
0 (nan, nan, nan, nan, nan)
0 (nan, nan, nan, nan, nan)
0 (nan, nan, nan, nan, nan)
0 (nan, nan, nan, nan, nan)
0 (nan, nan, nan, nan, nan)
0 (nan, nan, nan, nan, nan)

0 (nan, nan, nan, nan, nan)
0 (nan, nan, nan, nan, nan)
0 (nan, nan, nan, nan, nan)
0 (nan, nan, nan, nan, nan)
0 (nan, nan, nan, nan, nan)
0 (nan, nan, nan, nan, nan)
0 (nan, nan, nan, nan, nan)
0 (nan, nan, nan, nan, nan)
0 (nan, nan, nan, nan, nan)
0 (nan, nan, nan, nan, nan)
0 (nan, nan, nan, nan, nan)
0 (nan, nan, nan, nan, nan)
0 (nan, nan, nan, nan, nan)
0 (nan, nan, nan, nan, nan)
0 (nan, nan, nan, nan, nan)
0 (nan, nan, nan, nan, nan)
0 (nan, nan, nan, nan, nan)
0 (nan, nan, nan, nan, nan)
8 (0.04396957455838525, 0.011758118701007958, 0.06926097785164471, 0.17487777359909717, -0.02352376380220822)
2598 (0.066402896361782, 0.04984969819397356, 0.07339794501832292, 0.7545388525780681, -0.18314559866499802)
4846 (0.08164695925747077, 0.06271687894895206, 0.09084808050285276, 0.8724528301886791, -0.19402173913043474)
6058 (0.08585185003974088, 0.06396561762137332, 0.08796729908939961, 0.8832684824902723, -0.10578478964401283)
8181 (0.08470268913042374, 0.061831153388822724, 0.08798801986724535, 0.6666666666666665, -0.11037410453701235)
3010 (0.09173041890355393, 0.07150144282738913, 0.08603477973264298, 0.6253333333333333, -0.0708556149732621)
492 (0.11382209498532078, 0.109950294057783, 0.09162540377836043, 0.5289189189189187, -0.10079184002147368)
175 (0.07810572737338801, 0.05861136158701541, 0.08205866652668486, 0.34615384615384626, -0.0837500000000001)
77 (0.10634286475010653, 0.10354223433242504, 0.09619374386483827, 0.3536363636363635, -0.0774077407740773)
75 (0.14004310065234896, 0.13062098501070674, 0.11387968212183568, 0.41914618369987067, -0.02530802530802534)
44 (0.14506102591651598, 0.154457288945701, 0.09440380638465579, 0.44268774703557323, -0.015511892450879139)
4 (0.17334616651830492, 0.17426307218856507, 0.02307861404401758, 0.20065789473684204, 0.1442006269592475)
0 (nan, nan, nan, nan, nan)
0 (nan, nan, nan, nan, nan)
0 (nan, nan, nan, nan, nan)
0 (nan, nan, nan, nan, nan)
0 (nan, nan, nan, nan, nan)
0 (nan, nan, nan, nan, nan)
0 (nan, nan, nan, nan, nan)
0 (nan, nan, nan, nan, nan)
0 (nan, nan, nan, nan, nan)
0 (nan, nan, nan, nan, nan)






-0.45413390212341764
LGBMRegressor(boosting_type='gbdt', class_weight=None, colsample_bytree=1.0,
       learning_rate=0.1, max_depth=12, min_child_samples=20,
       min_child_weight=0.001, min_split_gain=0.5, n_estimators=30,
       n_jobs=-1, num_leaves=32, objective=None, random_state=0,
       reg_alpha=0.0, reg_lambda=0.0, silent=True, subsample=1.0,
       subsample_for_bin=200000, subsample_freq=0)
0 (nan, nan, nan, nan, nan)
0 (nan, nan, nan, nan, nan)
0 (nan, nan, nan, nan, nan)
0 (nan, nan, nan, nan, nan)
0 (nan, nan, nan, nan, nan)
0 (nan, nan, nan, nan, nan)
0 (nan, nan, nan, nan, nan)
0 (nan, nan, nan, nan, nan)
0 (nan, nan, nan, nan, nan)
0 (nan, nan, nan, nan, nan)
0 (nan, nan, nan, nan, nan)
0 (nan, nan, nan, nan, nan)
0 (nan, nan, nan, nan, nan)
0 (nan, nan, nan, nan, nan)
0 (nan, nan, nan, nan, nan)
0 (nan, nan, nan, nan, nan)
0 (nan, nan, nan, nan, nan)
0 (nan, nan, nan, nan, nan)
19 (-0.03217304988512339, 0.0, 0.11061526749273791, 0.12530329289428055, -0.2672147995889004)
1165 (-0.05028285055429155, -0.09154383242823894, 0.14472582591696107, 0.5866666666666664, -0.33950617283950624)
4226 (-0.014193500847326127, -0.05959858817899022, 0.1520770617790349, 0.8724528301886791, -0.5968668407310704)
4789 (0.010961088627175222, 0.030585106382978733, 0.1548432710807852, 0.8832684824902723, -0.6014455343314404)
10939 (0.02261746620071117, 0.0448746150461945, 0.1419354275883112, 0.7660103626587744, -0.4162621359223301)
3307 (0.027366271186190175, 0.05444444444444452, 0.16590256409955054, 0.6253333333333333, -0.38514040561622476)
802 (-0.0029111478411740273, -0.07252731090913628, 0.17805766491586045, 0.5208383049504453, -0.3561368209255533)
185 (-0.03820704172960358, -0.12415924377385923, 0.18541410129641545, 0.37955682630450305, -0.29019094548814295)
62 (0.045572923077261886, 0.09848268955543082, 0.21852258450960182, 0.41914618369987067, -0.2612388813206187)
58 (0.05161873299715208, 0.1568941421781479, 0.20199920703346058, 0.44268774703557323, -0.30462317922735904)
16 (0.007026700043400891, 0.020092792758415357, 0.2176247530598928, 0.2577639751552798, -0.2769180111952585)
0 (nan, nan, nan, nan, nan)
0 (nan, nan, nan, nan, nan)
0 (nan, nan, nan, nan, nan)
0 (nan, nan, nan, nan, nan)
0 (nan, nan, nan, nan, nan)
0 (nan, nan, nan, nan, nan)
0 (nan, nan, nan, nan, nan)
0 (nan, nan, nan, nan, nan)
0 (nan, nan, nan, nan, nan)
0 (nan, nan, nan, nan, nan)
0 (nan, nan, nan, nan, nan)

0 (nan, nan, nan, nan, nan)
0 (nan, nan, nan, nan, nan)
0 (nan, nan, nan, nan, nan)
0 (nan, nan, nan, nan, nan)
0 (nan, nan, nan, nan, nan)
0 (nan, nan, nan, nan, nan)
0 (nan, nan, nan, nan, nan)
0 (nan, nan, nan, nan, nan)
0 (nan, nan, nan, nan, nan)
0 (nan, nan, nan, nan, nan)
0 (nan, nan, nan, nan, nan)
0 (nan, nan, nan, nan, nan)
0 (nan, nan, nan, nan, nan)
0 (nan, nan, nan, nan, nan)
0 (nan, nan, nan, nan, nan)
0 (nan, nan, nan, nan, nan)
0 (nan, nan, nan, nan, nan)
0 (nan, nan, nan, nan, nan)
19 (0.040048443571346584, 0.03979460847240035, 0.041730773629903184, 0.12530329289428055, -0.01747173689619741)
1165 (0.057704342206962786, 0.038954869358669875, 0.07259566825052254, 0.5866666666666664, -0.18314559866499802)
4226 (0.0744401688638339, 0.05521146314255232, 0.085499193792254, 0.8724528301886791, -0.12865267699548932)
4789 (0.08563551031646176, 0.06723891273247506, 0.08784389810027858, 0.8832684824902723, -0.19402173913043474)
10939 (0.084021759859711, 0.06304909560723515, 0.08367726388496532, 0.7660103626587744, -0.11037410453701235)
3307 (0.09902025619686743, 0.07481940144478849, 0.09928213248717938, 0.6253333333333333, -0.0802784222737819)
802 (0.09712955899631175, 0.07767755163079415, 0.09382294378582899, 0.5208383049504453, -0.10079184002147368)
185 (0.09390474050295405, 0.07689655172413778, 0.08924110040469241, 0.37955682630450305, -0.0774077407740773)
62 (0.13761699486689827, 0.10909676921873557, 0.12332098533658757, 0.41914618369987067, -0.02020540299173923)
58 (0.13948834277459793, 0.1568941421781479, 0.09375905140136107, 0.44268774703557323, -0.024699176694110148)
16 (0.12313245278008877, 0.11075669317335302, 0.09860505799803408, 0.2577639751552798, -0.02530802530802534)
0 (nan, nan, nan, nan, nan)
0 (nan, nan, nan, nan, nan)
0 (nan, nan, nan, nan, nan)
0 (nan, nan, nan, nan, nan)
0 (nan, nan, nan, nan, nan)
0 (nan, nan, nan, nan, nan)
0 (nan, nan, nan, nan, nan)
0 (nan, nan, nan, nan, nan)
0 (nan, nan, nan, nan, nan)
0 (nan, nan, nan, nan, nan)
0 (nan, nan, nan, nan, nan)







--------
2011-02-28 2016-12-01
2017-01-03 2018-11-15
(72349, 917) (72349,)
(25510, 917) (25510, 3)


-0.1347701079703556
LGBMRegressor(boosting_type='gbdt', class_weight=None, colsample_bytree=1.0,
       learning_rate=0.1, max_depth=8, min_child_samples=20,
       min_child_weight=0.001, min_split_gain=0, n_estimators=30,
       n_jobs=-1, num_leaves=48, objective=None, random_state=0,
       reg_alpha=0.0, reg_lambda=0.0, silent=True, subsample=1.0,
       subsample_for_bin=200000, subsample_freq=0)
8066 (0.007725602854049048, 0.0, 0.15008316506410846, 0.8832684824902723, -0.6014455343314404)
8949 (0.01616257124802684, 0.036121673003802535, 0.14484611633304575, 0.6894409937888195, -0.5804347826086956)
3779 (0.03941275917206361, 0.06666666666666665, 0.16164155166890448, 0.6666666666666665, -0.4162621359223301)
566 (-0.0104954795568632, -0.0637119370237495, 0.1735188086250501, 0.5222508687366889, -0.3786198729680267)
141 (0.016162487832498892, 0.11033274956217154, 0.18646074921464276, 0.34094151212553525, -0.35579116897060803)
52 (0.06211542441364241, 0.11136829111897106, 0.1920745197968122, 0.44268774703557323, -0.26877470355731214)
15 (0.15661681539384809, 0.17489270386266087, 0.17728461978023677, 0.39390088945362134, -0.21585482330467998)
9 (0.25612714182975566, 0.24431818181818166, 0.05232187650212197, 0.3485221674876846, 0.20594713656387675)
0 (nan, nan, nan, nan, nan)
0 (nan, nan, nan, nan, nan)
0 (nan, nan, nan, nan, nan)
0 (nan, nan, nan, nan, nan)
0 (nan, nan, nan, nan, nan)
0 (nan, nan, nan, nan, nan)
0 (nan, nan, nan, nan, nan)
0 (nan, nan, nan, nan, nan)
0 (nan, nan, nan, nan, nan)
0 (nan, nan, nan, nan, nan)
0 (nan, nan, nan, nan, nan)
0 (nan, nan, nan, nan, nan)

8066 (0.08185705093614695, 0.06404673146052453, 0.08361045744249669, 0.8832684824902723, -0.10780487804878058)
8949 (0.08265029615354459, 0.061087866108786804, 0.08444043726201934, 0.6894409937888195, -0.19402173913043474)
3779 (0.10267510635206926, 0.07569721115537842, 0.0992826272980784, 0.6666666666666665, -0.10578478964401283)
566 (0.09009641846396389, 0.06906419561000121, 0.09170579458746285, 0.5222508687366889, -0.0837500000000001)
141 (0.11749086883390555, 0.12313958953470161, 0.08092776770026539, 0.34094151212553525, -0.10079184002147368)
52 (0.14078787988952157, 0.1129623885709744, 0.11122694446922417, 0.44268774703557323, -0.011857707509881354)
15 (0.1920010673785252, 0.17489270386266087, 0.11134437402564887, 0.39390088945362134, 0.0)
9 (0.25612714182975566, 0.24431818181818166, 0.05232187650212197, 0.3485221674876846, 0.20594713656387675)
0 (nan, nan, nan, nan, nan)
0 (nan, nan, nan, nan, nan)
0 (nan, nan, nan, nan, nan)
0 (nan, nan, nan, nan, nan)
0 (nan, nan, nan, nan, nan)
0 (nan, nan, nan, nan, nan)
0 (nan, nan, nan, nan, nan)
0 (nan, nan, nan, nan, nan)










-0.10346326952142304
LGBMRegressor(boosting_type='gbdt', class_weight=None, colsample_bytree=1.0,
       learning_rate=0.1, max_depth=-1, min_child_samples=20,
       min_child_weight=0.001, min_split_gain=1, n_estimators=30,
       n_jobs=-1, num_leaves=64, objective=None, random_state=0,
       reg_alpha=0.0, reg_lambda=0.0, silent=True, subsample=1.0,
       subsample_for_bin=200000, subsample_freq=0)
0 (nan, nan, nan, nan, nan)
0 (nan, nan, nan, nan, nan)
0 (nan, nan, nan, nan, nan)
0 (nan, nan, nan, nan, nan)
0 (nan, nan, nan, nan, nan)
0 (nan, nan, nan, nan, nan)
0 (nan, nan, nan, nan, nan)
0 (nan, nan, nan, nan, nan)
0 (nan, nan, nan, nan, nan)
0 (nan, nan, nan, nan, nan)
0 (nan, nan, nan, nan, nan)
0 (nan, nan, nan, nan, nan)
0 (nan, nan, nan, nan, nan)
0 (nan, nan, nan, nan, nan)
0 (nan, nan, nan, nan, nan)
0 (nan, nan, nan, nan, nan)
0 (nan, nan, nan, nan, nan)
0 (nan, nan, nan, nan, nan)
248 (-0.09057435942907663, -0.1386833450786939, 0.1452991678467543, 0.5313807531380754, -0.3262729124236253)
3328 (-0.028183021154949615, -0.07459689291466765, 0.1539912370948249, 0.8724528301886791, -0.35834813499111895)
7813 (0.004213820401129852, 0.0, 0.15011266021057798, 0.8832684824902723, -0.6014455343314404)
9762 (0.01907045232223124, 0.046310937240134575, 0.1443933798581479, 0.7660103626587744, -0.4168670242278528)
3552 (0.041227641178676534, 0.0658399385139471, 0.15973891561238873, 0.6666666666666665, -0.3726086956521739)
657 (0.01686446852083088, 0.0, 0.1888599442408063, 0.4978850460313513, -0.4162621359223301)
92 (0.029138196712256613, 0.11121107508586059, 0.18352799967098435, 0.3786666666666667, -0.2532795156407668)
33 (0.08611449897136893, 0.13163335630599593, 0.20720627151538404, 0.44268774703557323, -0.26877470355731214)
10 (0.22415618987027247, 0.2442743198974504, 0.11101437387030325, 0.3536363636363635, -0.02395209580838331)
12 (0.20742921747789267, 0.23116910203256136, 0.14911889609248516, 0.3712500000000001, -0.21585482330467998)
3 (0.16330195384561783, 0.15873015873015883, 0.010112183850330976, 0.17489270386266087, 0.15628299894403375)
0 (nan, nan, nan, nan, nan)
0 (nan, nan, nan, nan, nan)
0 (nan, nan, nan, nan, nan)
0 (nan, nan, nan, nan, nan)
0 (nan, nan, nan, nan, nan)
0 (nan, nan, nan, nan, nan)
0 (nan, nan, nan, nan, nan)
0 (nan, nan, nan, nan, nan)
0 (nan, nan, nan, nan, nan)
0 (nan, nan, nan, nan, nan)
0 (nan, nan, nan, nan, nan)

0 (nan, nan, nan, nan, nan)
0 (nan, nan, nan, nan, nan)
0 (nan, nan, nan, nan, nan)
0 (nan, nan, nan, nan, nan)
0 (nan, nan, nan, nan, nan)
0 (nan, nan, nan, nan, nan)
0 (nan, nan, nan, nan, nan)
0 (nan, nan, nan, nan, nan)
0 (nan, nan, nan, nan, nan)
0 (nan, nan, nan, nan, nan)
0 (nan, nan, nan, nan, nan)
0 (nan, nan, nan, nan, nan)
0 (nan, nan, nan, nan, nan)
0 (nan, nan, nan, nan, nan)
0 (nan, nan, nan, nan, nan)
0 (nan, nan, nan, nan, nan)
0 (nan, nan, nan, nan, nan)
0 (nan, nan, nan, nan, nan)
248 (0.05244344107495312, 0.030237235452758582, 0.07927526035460178, 0.5313807531380754, -0.06030150753768837)
3328 (0.06978819362569297, 0.050181140053926265, 0.08276555587703717, 0.8724528301886791, -0.18314559866499802)
7813 (0.07902842908423809, 0.0593723494486853, 0.0852825288718533, 0.8832684824902723, -0.19402173913043474)
9762 (0.0846728707610193, 0.06480502563335566, 0.08249641513590701, 0.7660103626587744, -0.09234608985024961)
3552 (0.1032775914294217, 0.0774471240493364, 0.10018670675899669, 0.6666666666666665, -0.10079184002147368)
657 (0.11033054714678653, 0.0862068965517242, 0.10519274931454846, 0.4978850460313513, -0.10578478964401283)
92 (0.12197566133374715, 0.12109360429116034, 0.08643644552686096, 0.3786666666666667, -0.0774077407740773)
33 (0.1643925770984892, 0.13294375456537622, 0.12354077874976757, 0.44268774703557323, -0.011857707509881354)
10 (0.22555339545909484, 0.2442743198974504, 0.1075795580002908, 0.3536363636363635, -0.009980039920159611)
12 (0.22836204141931257, 0.23116910203256136, 0.09034697822473964, 0.3712500000000001, 0.03533906399235898)
3 (0.16330195384561783, 0.15873015873015883, 0.010112183850330976, 0.17489270386266087, 0.15628299894403375)
0 (nan, nan, nan, nan, nan)
0 (nan, nan, nan, nan, nan)
0 (nan, nan, nan, nan, nan)
0 (nan, nan, nan, nan, nan)
0 (nan, nan, nan, nan, nan)
0 (nan, nan, nan, nan, nan)
0 (nan, nan, nan, nan, nan)
0 (nan, nan, nan, nan, nan)
0 (nan, nan, nan, nan, nan)
0 (nan, nan, nan, nan, nan)
0 (nan, nan, nan, nan, nan)



-0.1384967134792061
LGBMRegressor(boosting_type='gbdt', class_weight=None, colsample_bytree=1.0,
       learning_rate=0.1, max_depth=-1, min_child_samples=30,
       min_child_weight=0.001, min_split_gain=0.5, n_estimators=30,
       n_jobs=-1, num_leaves=64, objective=None, random_state=0,
       reg_alpha=0.0, reg_lambda=0.0, silent=True, subsample=1.0,
       subsample_for_bin=200000, subsample_freq=0)
0 (nan, nan, nan, nan, nan)
0 (nan, nan, nan, nan, nan)
0 (nan, nan, nan, nan, nan)
0 (nan, nan, nan, nan, nan)
0 (nan, nan, nan, nan, nan)
0 (nan, nan, nan, nan, nan)
0 (nan, nan, nan, nan, nan)
0 (nan, nan, nan, nan, nan)
0 (nan, nan, nan, nan, nan)
0 (nan, nan, nan, nan, nan)
0 (nan, nan, nan, nan, nan)
0 (nan, nan, nan, nan, nan)
0 (nan, nan, nan, nan, nan)
0 (nan, nan, nan, nan, nan)
0 (nan, nan, nan, nan, nan)
0 (nan, nan, nan, nan, nan)
0 (nan, nan, nan, nan, nan)
0 (nan, nan, nan, nan, nan)
367 (0.051673400478451266, 0.03289977046671755, 0.0656230408477826, 0.37809187279151946, -0.06030150753768837)
4373 (0.07239300006571912, 0.05494505494505497, 0.08119834854422674, 0.8724528301886791, -0.18314559866499802)
6684 (0.07959455752759474, 0.058555662813104425, 0.0884880100763953, 0.8832684824902723, -0.19402173913043474)
8473 (0.08384348651717931, 0.06428856648475967, 0.08133570701623587, 0.6249000266595575, -0.09234608985024961)
4542 (0.09807893664924804, 0.07267988900077749, 0.09488131922739891, 0.6666666666666665, -0.10578478964401283)
771 (0.10980614754664324, 0.0862068965517242, 0.10579409321226964, 0.5222508687366889, -0.0837500000000001)
187 (0.12341989619691049, 0.09690721649484546, 0.11067134607361398, 0.4978850460313513, -0.04513513513513523)
75 (0.14530085529232498, 0.1403034712118063, 0.10499109341022088, 0.44268774703557323, -0.02530802530802534)
22 (0.21741468624723234, 0.21534588137241284, 0.10666411014689654, 0.41914618369987067, 0.03199174406604732)
14 (0.23612198361790945, 0.22765407892008072, 0.0644559126535609, 0.3712500000000001, 0.15628299894403375)
2 (0.29642017465293313, 0.29642017465293313, 0.07368334489357135, 0.3485221674876846, 0.24431818181818166)
0 (nan, nan, nan, nan, nan)
0 (nan, nan, nan, nan, nan)
0 (nan, nan, nan, nan, nan)
0 (nan, nan, nan, nan, nan)
0 (nan, nan, nan, nan, nan)
0 (nan, nan, nan, nan, nan)
0 (nan, nan, nan, nan, nan)
0 (nan, nan, nan, nan, nan)
0 (nan, nan, nan, nan, nan)
0 (nan, nan, nan, nan, nan)
0 (nan, nan, nan, nan, nan)
0 (nan, nan, nan, nan, nan)
0 (nan, nan, nan, nan, nan)
0 (nan, nan, nan, nan, nan)
0 (nan, nan, nan, nan, nan)

0 (nan, nan, nan, nan, nan)
0 (nan, nan, nan, nan, nan)
0 (nan, nan, nan, nan, nan)
0 (nan, nan, nan, nan, nan)
0 (nan, nan, nan, nan, nan)
0 (nan, nan, nan, nan, nan)
0 (nan, nan, nan, nan, nan)
0 (nan, nan, nan, nan, nan)
0 (nan, nan, nan, nan, nan)
0 (nan, nan, nan, nan, nan)
0 (nan, nan, nan, nan, nan)
0 (nan, nan, nan, nan, nan)
0 (nan, nan, nan, nan, nan)
0 (nan, nan, nan, nan, nan)
0 (nan, nan, nan, nan, nan)
0 (nan, nan, nan, nan, nan)
0 (nan, nan, nan, nan, nan)
0 (nan, nan, nan, nan, nan)
367 (-0.07487515310264102, -0.12233646122869435, 0.14153601536798577, 0.37809187279151946, -0.34256198347107447)
4373 (-0.01670907343152931, -0.054006968641115094, 0.1512837681857743, 0.8724528301886791, -0.5968668407310704)
6684 (0.005187482811437856, 0.0, 0.15239012264135163, 0.8832684824902723, -0.6014455343314404)
8473 (0.01775690819875284, 0.04452690166975892, 0.14313223952706605, 0.6249000266595575, -0.4168670242278528)
4542 (0.03331507828984413, 0.05974560332849721, 0.1566763456740314, 0.6666666666666665, -0.4162621359223301)
771 (0.024655556311291696, 0.065359477124183, 0.1834533742731367, 0.5222508687366889, -0.3786198729680267)
187 (0.026445865770749456, 0.0, 0.1949001962032331, 0.4978850460313513, -0.30646672914714146)
75 (0.054796620374731916, 0.13974562798092216, 0.21251137100382658, 0.44268774703557323, -0.2769180111952585)
22 (0.14712713678919942, 0.21534588137241284, 0.22197936317216252, 0.41914618369987067, -0.2532795156407668)
14 (0.23612198361790945, 0.22765407892008072, 0.0644559126535609, 0.3712500000000001, 0.15628299894403375)
2 (0.29642017465293313, 0.29642017465293313, 0.07368334489357135, 0.3485221674876846, 0.24431818181818166)
0 (nan, nan, nan, nan, nan)
0 (nan, nan, nan, nan, nan)
0 (nan, nan, nan, nan, nan)
0 (nan, nan, nan, nan, nan)
0 (nan, nan, nan, nan, nan)
0 (nan, nan, nan, nan, nan)
0 (nan, nan, nan, nan, nan)
0 (nan, nan, nan, nan, nan)
0 (nan, nan, nan, nan, nan)
0 (nan, nan, nan, nan, nan)
0 (nan, nan, nan, nan, nan)









-0.11833027438122068
LGBMRegressor(boosting_type='gbdt', class_weight=None, colsample_bytree=1.0,
       learning_rate=0.1, max_depth=16, min_child_samples=30,
       min_child_weight=0.001, min_split_gain=0.5, n_estimators=40,
       n_jobs=-1, num_leaves=64, objective=None, random_state=0,
       reg_alpha=0.0, reg_lambda=0.0, silent=True, subsample=1.0,
       subsample_for_bin=200000, subsample_freq=0)
0 (nan, nan, nan, nan, nan)
0 (nan, nan, nan, nan, nan)
0 (nan, nan, nan, nan, nan)
0 (nan, nan, nan, nan, nan)
0 (nan, nan, nan, nan, nan)
0 (nan, nan, nan, nan, nan)
0 (nan, nan, nan, nan, nan)
0 (nan, nan, nan, nan, nan)
0 (nan, nan, nan, nan, nan)
0 (nan, nan, nan, nan, nan)
0 (nan, nan, nan, nan, nan)
0 (nan, nan, nan, nan, nan)
0 (nan, nan, nan, nan, nan)
0 (nan, nan, nan, nan, nan)
0 (nan, nan, nan, nan, nan)
0 (nan, nan, nan, nan, nan)
0 (nan, nan, nan, nan, nan)
3 (-0.024489411626303692, -0.05976676384839641, 0.11807572987100508, 0.10720411663807883, -0.1209055876685935)
1052 (-0.05943414518334774, -0.11293266331658297, 0.14437761451550643, 0.6030395136778117, -0.34256198347107447)
5235 (-0.006643183255712929, -0.04534606205250602, 0.15681461918534573, 0.8724528301886791, -0.6014455343314404)
6555 (0.010570308354911255, 0.0, 0.1493941283587768, 0.8832684824902723, -0.5991692627206646)
8564 (0.019922811943281445, 0.046708840005908914, 0.14136322772388749, 0.6894409937888195, -0.4168670242278528)
3134 (0.032664406217128274, 0.05414190448171041, 0.1606780580679225, 0.6253333333333333, -0.36119116234390003)
661 (0.011737883883957408, -0.018656716417910668, 0.18822832506106912, 0.5222508687366889, -0.4162621359223301)
186 (0.032494219316502454, 0.09696867769521644, 0.21383287961150582, 0.4624185372918177, -0.34693877551020413)
82 (0.07387580882984897, 0.14885979268957994, 0.19851736921952637, 0.44268774703557323, -0.27145581691036236)
26 (0.12538822259546817, 0.19645820021299243, 0.20683599508876646, 0.3712500000000001, -0.30462317922735904)
12 (0.2561285305422216, 0.23116910203256136, 0.08728158061190193, 0.41914618369987067, 0.15263157894736823)
0 (nan, nan, nan, nan, nan)
0 (nan, nan, nan, nan, nan)
0 (nan, nan, nan, nan, nan)
0 (nan, nan, nan, nan, nan)
0 (nan, nan, nan, nan, nan)
0 (nan, nan, nan, nan, nan)
0 (nan, nan, nan, nan, nan)
0 (nan, nan, nan, nan, nan)
0 (nan, nan, nan, nan, nan)
0 (nan, nan, nan, nan, nan)
0 (nan, nan, nan, nan, nan)
0 (nan, nan, nan, nan, nan)

0 (nan, nan, nan, nan, nan)
0 (nan, nan, nan, nan, nan)
0 (nan, nan, nan, nan, nan)
0 (nan, nan, nan, nan, nan)
0 (nan, nan, nan, nan, nan)
0 (nan, nan, nan, nan, nan)
0 (nan, nan, nan, nan, nan)
0 (nan, nan, nan, nan, nan)
0 (nan, nan, nan, nan, nan)
0 (nan, nan, nan, nan, nan)
0 (nan, nan, nan, nan, nan)
0 (nan, nan, nan, nan, nan)
0 (nan, nan, nan, nan, nan)
0 (nan, nan, nan, nan, nan)
0 (nan, nan, nan, nan, nan)
0 (nan, nan, nan, nan, nan)
0 (nan, nan, nan, nan, nan)
3 (0.06119956751613779, 0.041953352769679375, 0.040017769681292926, 0.10720411663807883, 0.03444123314065517)
1052 (0.059793334562040994, 0.04500608272506079, 0.06798052773309586, 0.6030395136778117, -0.18314559866499802)
5235 (0.0788264527606794, 0.05909943714821764, 0.08728259291529211, 0.8724528301886791, -0.19402173913043474)
6555 (0.08143494529054222, 0.06118546845124295, 0.08604040054179862, 0.8832684824902723, -0.10780487804878058)
8564 (0.08366151717114596, 0.06337837599605112, 0.08156291258388508, 0.6894409937888195, -0.11037410453701235)
3134 (0.09819356945425066, 0.07180169121658486, 0.09973849998350519, 0.6253333333333333, -0.06614785992217898)
661 (0.10793780064764112, 0.08313817330210771, 0.10552459613789908, 0.5222508687366889, -0.10578478964401283)
186 (0.13380124963995424, 0.11481466570340693, 0.11303427152921333, 0.4624185372918177, -0.0837500000000001)
82 (0.15691466069394158, 0.15309096754114648, 0.09797310905355151, 0.44268774703557323, -0.04513513513513523)
26 (0.18497541687128335, 0.19645820021299243, 0.10436710275986479, 0.3712500000000001, -0.024699176694110148)
12 (0.2561285305422216, 0.23116910203256136, 0.08728158061190193, 0.41914618369987067, 0.15263157894736823)
0 (nan, nan, nan, nan, nan)
0 (nan, nan, nan, nan, nan)
0 (nan, nan, nan, nan, nan)
0 (nan, nan, nan, nan, nan)
0 (nan, nan, nan, nan, nan)
0 (nan, nan, nan, nan, nan)
0 (nan, nan, nan, nan, nan)
0 (nan, nan, nan, nan, nan)
0 (nan, nan, nan, nan, nan)
0 (nan, nan, nan, nan, nan)
0 (nan, nan, nan, nan, nan)
0 (nan, nan, nan, nan, nan)



-0.13123959401905583
LGBMRegressor(boosting_type='gbdt', class_weight=None, colsample_bytree=1.0,
       learning_rate=0.1, max_depth=16, min_child_samples=1,
       min_child_weight=0.001, min_split_gain=0.5, n_estimators=30,
       n_jobs=-1, num_leaves=64, objective=None, random_state=0,
       reg_alpha=0.0, reg_lambda=0.0, silent=True, subsample=1.0,
       subsample_for_bin=200000, subsample_freq=0)
0 (nan, nan, nan, nan, nan)
0 (nan, nan, nan, nan, nan)
0 (nan, nan, nan, nan, nan)
0 (nan, nan, nan, nan, nan)
0 (nan, nan, nan, nan, nan)
0 (nan, nan, nan, nan, nan)
0 (nan, nan, nan, nan, nan)
0 (nan, nan, nan, nan, nan)
0 (nan, nan, nan, nan, nan)
0 (nan, nan, nan, nan, nan)
0 (nan, nan, nan, nan, nan)
0 (nan, nan, nan, nan, nan)
0 (nan, nan, nan, nan, nan)
0 (nan, nan, nan, nan, nan)
0 (nan, nan, nan, nan, nan)
0 (nan, nan, nan, nan, nan)
0 (nan, nan, nan, nan, nan)
0 (nan, nan, nan, nan, nan)
314 (-0.07461647388801894, -0.12925614713538558, 0.14678190270504268, 0.5313807531380754, -0.3310185185185186)
3821 (-0.01659835856635868, -0.05202312138728338, 0.15418622152751668, 0.7545388525780681, -0.5802066340402392)
7313 (0.004011652318740963, 0.0, 0.15180355559761646, 0.8832684824902723, -0.6014455343314404)
9280 (0.01836178843602352, 0.04286306746330626, 0.14367977483217254, 0.6727145847871598, -0.5849462365591398)
3762 (0.033834008543729616, 0.05948344273210748, 0.15833762064643978, 0.6666666666666665, -0.4162621359223301)
736 (0.016667248966116866, -0.024933497032944618, 0.17770288519126862, 0.5222508687366889, -0.34869739478957906)
168 (0.0477965316774086, 0.11430569922650446, 0.20650886136951735, 0.41295546558704443, -0.3430361835455832)
65 (0.03333903392302744, 0.10632911392405053, 0.18054711513780083, 0.3700854700854703, -0.255863539445629)
26 (0.1259981684520503, 0.1876249878802383, 0.21276163586915103, 0.44268774703557323, -0.26877470355731214)
16 (0.1930849863155839, 0.2242856607169642, 0.17520163537200747, 0.41914618369987067, -0.2094017094017092)
9 (0.2334373068260719, 0.21802002224694106, 0.07163796988638517, 0.3485221674876846, 0.15628299894403375)
0 (nan, nan, nan, nan, nan)
0 (nan, nan, nan, nan, nan)
0 (nan, nan, nan, nan, nan)
0 (nan, nan, nan, nan, nan)
0 (nan, nan, nan, nan, nan)
0 (nan, nan, nan, nan, nan)
0 (nan, nan, nan, nan, nan)
0 (nan, nan, nan, nan, nan)
0 (nan, nan, nan, nan, nan)
0 (nan, nan, nan, nan, nan)
0 (nan, nan, nan, nan, nan)

0 (nan, nan, nan, nan, nan)
0 (nan, nan, nan, nan, nan)
0 (nan, nan, nan, nan, nan)
0 (nan, nan, nan, nan, nan)
0 (nan, nan, nan, nan, nan)
0 (nan, nan, nan, nan, nan)
0 (nan, nan, nan, nan, nan)
0 (nan, nan, nan, nan, nan)
0 (nan, nan, nan, nan, nan)
0 (nan, nan, nan, nan, nan)
0 (nan, nan, nan, nan, nan)
0 (nan, nan, nan, nan, nan)
0 (nan, nan, nan, nan, nan)
0 (nan, nan, nan, nan, nan)
0 (nan, nan, nan, nan, nan)
0 (nan, nan, nan, nan, nan)
0 (nan, nan, nan, nan, nan)
0 (nan, nan, nan, nan, nan)
314 (0.05648921471171232, 0.03859056869712352, 0.06955025615145136, 0.5313807531380754, -0.18314559866499802)
3821 (0.0728824297027776, 0.054365079365079394, 0.08337610863377352, 0.7545388525780681, -0.12865267699548932)
7313 (0.08099365443493133, 0.061808118081180696, 0.08555760377419488, 0.8832684824902723, -0.19402173913043474)
9280 (0.08382665761957414, 0.06327437509594036, 0.08311809935870436, 0.6727145847871598, -0.09234608985024961)
3762 (0.0974691961899049, 0.07177569828021602, 0.09710357001164832, 0.6666666666666665, -0.11037410453701235)
736 (0.1021886284685007, 0.0753510378510378, 0.10445005300357263, 0.5222508687366889, -0.0837500000000001)
168 (0.14131612004753213, 0.12164487768507337, 0.11191063670337723, 0.41295546558704443, -0.041010194624652385)
65 (0.1278504279289945, 0.11834319526627213, 0.08606032840873948, 0.3700854700854703, -0.0774077407740773)
26 (0.17769639571321763, 0.1876249878802383, 0.13922761341439874, 0.44268774703557323, -0.011857707509881354)
16 (0.2279192157062649, 0.2242856607169642, 0.10018022449772662, 0.41914618369987067, 0.06837606837606836)
9 (0.2334373068260719, 0.21802002224694106, 0.07163796988638517, 0.3485221674876846, 0.15628299894403375)
0 (nan, nan, nan, nan, nan)
0 (nan, nan, nan, nan, nan)
0 (nan, nan, nan, nan, nan)
0 (nan, nan, nan, nan, nan)
0 (nan, nan, nan, nan, nan)
0 (nan, nan, nan, nan, nan)
0 (nan, nan, nan, nan, nan)
0 (nan, nan, nan, nan, nan)
0 (nan, nan, nan, nan, nan)
0 (nan, nan, nan, nan, nan)
0 (nan, nan, nan, nan, nan)
















-0.1389863408306713
LGBMRegressor(boosting_type='gbdt', class_weight=None, colsample_bytree=1.0,
       learning_rate=0.1, max_depth=16, min_child_samples=20,
       min_child_weight=0.001, min_split_gain=0.5, n_estimators=30,
       n_jobs=-1, num_leaves=64, objective=None, random_state=0,
       reg_alpha=0.0, reg_lambda=0.0, silent=True, subsample=1.0,
       subsample_for_bin=200000, subsample_freq=0)
0 (nan, nan, nan, nan, nan)
0 (nan, nan, nan, nan, nan)
0 (nan, nan, nan, nan, nan)
0 (nan, nan, nan, nan, nan)
0 (nan, nan, nan, nan, nan)
0 (nan, nan, nan, nan, nan)
0 (nan, nan, nan, nan, nan)
0 (nan, nan, nan, nan, nan)
0 (nan, nan, nan, nan, nan)
0 (nan, nan, nan, nan, nan)
0 (nan, nan, nan, nan, nan)
0 (nan, nan, nan, nan, nan)
0 (nan, nan, nan, nan, nan)
0 (nan, nan, nan, nan, nan)
0 (nan, nan, nan, nan, nan)
0 (nan, nan, nan, nan, nan)
0 (nan, nan, nan, nan, nan)
97 (0.052317779954616665, 0.037980146741475984, 0.06456960249393005, 0.3356164383561644, -0.0399091499026607)
2468 (0.06653475460269007, 0.04791763012531325, 0.07603554600399305, 0.687140115163148, -0.18314559866499802)
3156 (0.08560406437285561, 0.06802691338210454, 0.09433233825949819, 0.8724528301886791, -0.09074074074074079)
7246 (0.07865672490153776, 0.05869745363740275, 0.08344392070278302, 0.8832684824902723, -0.19402173913043474)
7937 (0.08499085279989314, 0.06366666666666654, 0.08370022775114375, 0.597989949748744, -0.11037410453701235)
3618 (0.1003577542156392, 0.07562853551225635, 0.09668091778857232, 0.6666666666666665, -0.10578478964401283)
674 (0.09674245486170925, 0.07069164308849962, 0.10308028914972321, 0.5289189189189187, -0.0837500000000001)
172 (0.09930799562175129, 0.08084905084538851, 0.09199838530143373, 0.3914930555555558, -0.037267080745341574)
77 (0.13511343753913177, 0.13254344391785144, 0.0878222449012172, 0.3700854700854703, -0.0774077407740773)
32 (0.0993663286463761, 0.09275408276518171, 0.10194969189181484, 0.44268774703557323, -0.011857707509881354)
15 (0.20653634664745163, 0.24431818181818166, 0.0997595494862431, 0.3247330960854091, 0.015223596574690745)
16 (0.2695332194243094, 0.25421808218120756, 0.08997369433544308, 0.41914618369987067, 0.15263157894736823)
2 (0.2033025156503594, 0.2033025156503594, 0.0037400587632317735, 0.20594713656387675, 0.20065789473684204)
0 (nan, nan, nan, nan, nan)
0 (nan, nan, nan, nan, nan)
0 (nan, nan, nan, nan, nan)
0 (nan, nan, nan, nan, nan)
0 (nan, nan, nan, nan, nan)
0 (nan, nan, nan, nan, nan)
0 (nan, nan, nan, nan, nan)
0 (nan, nan, nan, nan, nan)
0 (nan, nan, nan, nan, nan)
0 (nan, nan, nan, nan, nan)

0 (nan, nan, nan, nan, nan)
0 (nan, nan, nan, nan, nan)
0 (nan, nan, nan, nan, nan)
0 (nan, nan, nan, nan, nan)
0 (nan, nan, nan, nan, nan)
0 (nan, nan, nan, nan, nan)
0 (nan, nan, nan, nan, nan)
0 (nan, nan, nan, nan, nan)
0 (nan, nan, nan, nan, nan)
0 (nan, nan, nan, nan, nan)
0 (nan, nan, nan, nan, nan)
0 (nan, nan, nan, nan, nan)
0 (nan, nan, nan, nan, nan)
0 (nan, nan, nan, nan, nan)
0 (nan, nan, nan, nan, nan)
0 (nan, nan, nan, nan, nan)
0 (nan, nan, nan, nan, nan)
97 (-0.06942750472798817, -0.12481315396113601, 0.13624448011829596, 0.3356164383561644, -0.2887596899224806)
2468 (-0.03714258511174013, -0.0845215759849906, 0.14992451060642553, 0.687140115163148, -0.3582677165354331)
3156 (0.013323557983073645, 0.0, 0.1562878806028786, 0.8724528301886791, -0.38541802530324765)
7246 (0.0021808573249143394, 0.0, 0.15022563301792372, 0.8832684824902723, -0.6014455343314404)
7937 (0.02047278311298806, 0.04630969609261926, 0.14409746686660563, 0.597989949748744, -0.4168670242278528)
3618 (0.037953488438840825, 0.06361620403164447, 0.15745857612022354, 0.6666666666666665, -0.4162621359223301)
674 (0.006192007020122019, -0.05184811827956981, 0.17651763661047232, 0.5289189189189187, -0.343125)
172 (-0.015670228263866815, -0.09581337064740847, 0.18781480321015487, 0.3914930555555558, -0.33943089430894313)
77 (0.05123249770161733, 0.13254344391785144, 0.1848888972380211, 0.3700854700854703, -0.30462317922735904)
32 (-0.019888056686286175, -0.0770876738555098, 0.18363893049219535, 0.44268774703557323, -0.26877470355731214)
15 (0.1555479081737165, 0.24431818181818166, 0.1973640647817518, 0.3247330960854091, -0.2188392007611798)
16 (0.2695332194243094, 0.25421808218120756, 0.08997369433544308, 0.41914618369987067, 0.15263157894736823)
2 (0.2033025156503594, 0.2033025156503594, 0.0037400587632317735, 0.20594713656387675, 0.20065789473684204)
0 (nan, nan, nan, nan, nan)
0 (nan, nan, nan, nan, nan)
0 (nan, nan, nan, nan, nan)
0 (nan, nan, nan, nan, nan)
0 (nan, nan, nan, nan, nan)
0 (nan, nan, nan, nan, nan)
0 (nan, nan, nan, nan, nan)
0 (nan, nan, nan, nan, nan)
0 (nan, nan, nan, nan, nan)
0 (nan, nan, nan, nan, nan)
